raw_hexCode,raw_timeStamp
8D8013F199142E9BF0041BF6162D,177EF9EC408811
8D8013F199142E9BF8081BD0EE25,177F38BB522714
8D8013F1EA1F5858013C08CC403A,177F80B480DC14
8D8013F1F82300020049BC05CD5E,177F8447FA8E30
8D8013F1585580FBC6A74BA36EB1,177FB6F2217132
8D8013F1585580FB3AA73D00DF5E,17807B1F28193D
8D8013F199142E9C18041B6EC64A,1780890DD5F712
8D8013F1585584B29C28DEA25EB7,1780B8BD240920
8D8013F1EA1F5858013C08CC403A,1780B9EE667522
8D8013F199142E9C10041B006442,1780C4E25FA420
8D8013F1F82300020049BC05CD5E,1780C875B3401D
8D8013F1585580FAE0A7341C140D,1781014EE2A624
8D8013F12218C1F2C7182057DEA3,17811C216C931E
8D8013F199142E9C38041B2BBA63,178143B17BA323
8D8013F1EA1F5858013C08CC403A,17815A58024F1C
8D8013F1585584B22828D2E77B7D,1781617F0AB12D
8D8013F1585584B21628D1C2F0D8,178179EF4BB420
8D8013F199142E9C30041B45186B,17817A882F5A1B
8D8013F1E1021F0000000021B5E8,1781962C2B5D20
8D8013F1585580FA60A728F6B822,1781B0FEAFDB17
8D8013F199142E9C30081B0D426B,1781B9EFA9C324
8D8013F1F82300020049BC05CD5E,178201E9008214
8D8013F1585580FA0EA71F85969B,17822349B72A21
8D8013F1585584B17A28C1286082,17825A593D301E
8D8013F199142E9C30081B0D426B,17828615608925
8D8013F1585584B14C28BC61BF66,178299C1898E1E
8D8013F1EA1F5858013C08CC403A,17829AF20B6A1F
8D8013F199142E9C30081B0D426B,1782C15194B721
8D8013F1585580F986A712828B98,1782E34AA4A71F
8D8013F199142E9C50081BC2C610,1782F827833924
8D8013F1EA1F5858013C08CC403A,178339F1922A22
8D8013F1F82300020049BC05CD5E,178347E071F61F
8D8013F199142E9C50081BC2C610,178381EAD4E417
8D8013F1EA1F5858013C08CC403A,1783DDEEA2183D
8D8013F199142E9C50041B8A9C10,178400B9E9FE1B
8D8013F1E1021F0000000021B5E8,17840879DBD31E
8D8013F1585590F89EA6FBDEF1C6,17842B0BE0CE19
8D8013F199142E9C70081B87BA39,17843495ABDD41
8D8013F1585584B004289CAFD9DF,17846C3D691D13
8D8013F1F82300020049BC05CD5E,178480BA933E31
8D8013F1585584AFDC2898B0DE0D,1784A647C2C515
8D8013F1585584AFB02893D93104,1784E811E2113B
8D8013F1EA1F5858013C08CC403A,17851D5783E012
8D8013F1EA1F5858013C08CC403A,1785B95C0ADE36
8D8013F199142F9C98081BCF9229,1785D03BB6AB2C
8D8013F199142F9CB0081BE44C08,17861599184D3A
8D8013F12218C1F2C7182057DEA3,17861631B64F34
8D8013F1585590F736A6D76D4E88,17861DF1C1883D
8D8013F199142F9CB0041BAC1608,1786529E6DBF2D
8D8013F199142F9CB0041BAC1608,178697FC07E638
8D8013F1E1021F0000000021B5E8,17869F23275B16
8D8013F199142F9CD0041B639273,17871F23E10635
8D8013F1585580F64EA6C0F54DA4,17875E8B95D736
8D8013F199142F9CD8081B456A7B,178768AE32CA13
8D8013F1585584AD92285DD4CEE8,1787E18741A812
8D8013F199142F9CD8081B456A7B,1787E946D55037
8D8013F1EA1F5858013C08CC403A,1788395F36C217
8D8013F1585584AD322854843209,178866E5070613
8D8013F12218C1F2C7182057DEA3,1788887F2DF217
8D8013F1585584AD04284FCF8B10,1788A6E554F731
8D8013F199142F9CF8081B001652,1788B40262D917
8D8013F1EA1F5858013C08CC403A,1788DCC45A1B16
8D8013F19914309CF8081B21D8A8,1788F82EC31F16
8D8013F1585580F504A69E758F70,178922BA457C14
8D8013F1E1021F0000000021B5E8,17892B12115734
8D8013F19914309D18081B2FA52D,178931A0E88B2E
8D8013F1585584AC7E28427C00F1,17896221E6C52A
8D8013F19914309D18081B2FA52D,17897239747B18
8D8013F1EA1F5858013C08CC403A,17897B2A6A7B17
8D8013F1F82300020049BC05CD5E,17899A62243D1E
8D8013F1585584AC50283D862516,1789A0F09F6716
8D8013F19914309D18081B2FA52D,1789B403CD171B
8D8013F1585580F47CA691DDB008,1789DD5D69B335
8D8013F19914309D18081B2FA52D,1789F797EABA35
8D8013F1585580F448A68C8D85BE,178A23EC39D32F
8D8013F1585584ABC2282F79C353,178A664EEFCE2F
8D8013F19914309D38081B6AD904,178AF1A337BA15
8D8013F1585580F38CA679F3B20B,178B23ED79C542
8D8013F19914309D38041B228304,178B294AC91818
8D8013F1EA1F5858013C08CC403A,178B5AFCED7C3A
8D8013F1585580F304A66B77E86D,178BDF299F5C10
8D8013F1585580F2A6A66217415D,178C5F2A49D516
8D8013F1EA1F5858013C08CC403A,178C989C1D5814
8D8013F19914309D30081B047B0C,178CA9E53F5417
8D8013F1585584A9F428019B6DBB,178CE6EAA9293F
8D8013F19914309D30041CB3F128,178CEF42E63C37
8D8013F19914309D30081B047B0C,178D2BAFF6C931
8D8013F1585580F020A6217A2DA2,178FCD4CDD0536
8D8013F19914309D70041BC6D95E,178FEA81DA6535
8D8013F1585580EFBCA617D9BE55,179052AADD6732
8D8013F1EA1F5858013C08CC403A,17905F2F394231
8D8013F19914309D78041BA87B56,179068201CF33D
8D8013F1585580EF8EA6135A16D8,1790917A21DE15
8D8013F19914309D78081BE02156,1790A525722639
8D8013F19914309D78081BE02156,179125260C8237
8D8013F1F82300020049BC05CD5E,17912657315413
8D8013F19914309D78081BE02156,17915DFF83BF12
8D8013F19914309D78041BA87B56,17919D670E351B
8D8013F1585584A65A27A559115F,1791DB04F1EA2A
8D8013F19914309D98081C3A71A4,1791DFC9FF1631
8D8013F1585580EE66A5F52DBFE8,17921D67AC7932
8D8013F19914309D98081BC5A180,17921E98DD1234
8D8013F1585580EE36A5F085CF95,17925F31B4B211
8D8013F1585584A5CE2797243A60,17929C3705CF1B
8D8013F19914309D98041B8DFB80,1792A6590FA93C
8D8013F1585584A5A027925629AA,1792DB9ED17417
8D8013F19914309D98081BC5A180,1792ED807ACD19
8D8013F1585584A574278EDC68C3,17931477FAE01D
8D8013F19914309D98041B8DFB80,17932954ADFD20
8D8013F1E1021F0000000021B5E8,17934460562732
8D8013F1585584A5462789A0285C,17935478468F17
8D8013F19914309D98041B8DFB80,179363F7AF2C12
8D8013F1EA1F5858013C08CC403A,17938296E7BC18
8D8013F1F82300020049BC05CD5E,1793B07C6D7B19
8D8013F1585584A4C2277CACE851,17940A5740F519
8D8013F1EA1F5858013C08CC403A,179422C7BC5215
8D8013F1585584A4942778D795A3,179449BEE1E112
8D8013F19914309D90081BAB0388,17946D82565410
8D8013F19914309D90041BE35988,1794B2E0050C3C
8D8013F1585584A2EE274E4955ED,179687F83E9C3A
8D8013F19914309D90041BE35988,1796A363229C2F
8D8013F1EA1F5858013C08CC403A,1796A959135B19
8D8013F1585584A2C4274A791B78,1796C464A70219
8D8013F1585580EAC0A598FC3525,1797059637311B
8D8013F19914309DB8081B80DDA9,17970AF3DE4819
8D8013F1585584A2662740CDA709,1797446546DC25
8D8013F19914309DB0081BEE7FA1,17974C24FF902F
8D8013F1EA1F5858013C08CC403A,17974D56331826
8D8013F1585580EA78A5911F2FDC,179763FC9FA435
8D8013F12218C1F2C7182057DEA3,17976A8B263720
8D8013F1585584A236273C98F119,1797820392B121
8D8013F1585584A20427361B0DD5,1797CA5BCB211F
8D8013F1EA1F5858013C08CC403A,1797E9F32B2C1B
8D8013F19914309DB8041C37578D,1797EBBD68ED17
8D8013F1585580E9FCA585BEA56E,17980CBE7E6C3A
8D8013F1E1021F0000000021B5E8,17984C263CA43C
8D8013F1585584A1A0272D005B06,1798505250AE35
8D8013F1F82300020049BC05CD5E,1798B7AA0E7738
8D8013F19914309DB8041BC887A9,1798F678CA7416
8D8013F1EA1F5858013C08CC403A,17992F52031215
8D8013F19914309DB0041BA625A1,1799341727022B
8D8013F19914309DB0041BA625A1,179969F5550117
8D8013F19914309DB8041BC887A9,17999FD39C7316
8D8013F1585584A09027124D1F4C,1799C2065A9B16
8D8013F1EA1F5858013C08CC403A,1799D21E2CFC13
8D8013F15855849F3E26F0E72A91,179B8F252C9436
8D8013F1EA1F5858013C08CC403A,179BAFEDB37515
8D8013F15855849F0E26EB806A0E,179BCE8CE9D12F
8D8013F19914309DB0081BEE7FA1,179BE238621432
8D8013F15855849EDA26E6DEC2E5,179C14831FF612
8D8013F1EA1F5858013C08CC403A,179C52B9AF0B3B
8D8013F1F82300020049BC05CD5E,179C7AA99BA116
8D8013F12218C1F2C7182057DEA3,179C8766CF9834
8D8013F15855849E8226DD1965B9,179C90578A4437
8D8013F19914319DB8041BCB8D67,179C9F3E6ABA18
8D8013F1585580E666A529898C5B,179CD6E6B9C911
8D8013F19914319DB8041BCB8D67,179D58182B3536
8D8013F1F82300020049BC05CD5E,179DBB436F921C
8D8013F19914319DB8041BCB8D67,179DD485443E31
8D8013F19914319DB8081C7C0743,179E13ED853212
8D8013F15855849D6226C1404A18,179E1485B38233
8D8013F1EA1F5858013C08CC403A,179E2A93B11B32
8D8013F19914319DB8081C7C0743,179E5B14886410
8D8013F15855849D0A26B81C4A06,179E905A150617
8D8013F19914319DB8041C345D43,179E97812A881B
8D8013F1EA1F5858013C08CC403A,179ECC2E444E1F
8D8013F19914319DB8041C345D43,179ED65061241B
8D8013F15855849CB026AFCFB1B7,179F093392CB1E
8D8013F12218C1F2C7182057DEA3,179F10F3AA391F
8D8013F19914319DB8041C345D43,179F16E986951E
8D8013F15855849C7C26AA09727B,179F4DF8FB4628
8D8013F19914319DB8041C345D43,179F55B8DA8D1E
8D8013F15855849C4E26A5754288,179F8F2A42D322
8D8013F19914319DB8041C345D43,179F98B39E6F24
8D8013F1F82300020049BC05CD5E,179FA2D5F95737
8D8013F15855849C1E26A0DD32F5,179FD05B9FCC27
8D8013F19914319DB0041C5AFF4B,179FD81B50EF25
8D8013F1E1021F0000000021B5E8,179FE8CC319F2B
8D8013F1EA1F5858013C08CC403A,17A008042D8B23
8D8013F15855849BF0269B97A202,17A00F2AD18625
8D8013F19914319DB0041BA52F6F,17A01C47BC1226
8D8013F1F82300020049BC05CD5E,17A04509610E26
8D8013F15855849BBC2696BB150F,17A05488644A25
8D8013F19914319DB0041BA52F6F,17A059E60DC323
8D8013F19914319DB0041C5AFF4B,17A0A10D319C24
8D8013F1EA1F5858013C08CC403A,17A0A5394DF41F
8D8013F1585580E36EA4DD68B732,17A0D226A7F21F
8D8013F19914319DB0041C5AFF4B,17A0DCE19E2C23
8D8013F19914319DB0041C5AFF4B,17A113F1372E1D
8D8013F15855849B2E26889749A9,17A116531B7119
8D8013F19914319DB0041C5AFF4B,17A15BB0AEA318
8D8013F1F82300020049BC05CD5E,17A1876D24423A
8D8013F12218C1F2C7182057DEA3,17A1889E35DB2F
8D8013F1585580E2DEA4CECE7E3F,17A19358F2A619
8D8013F19914319DB0041C5AFF4B,17A19653D32820
8D8013F15855849AAA267B9BAD89,17A1CA683E4310
8D8013F15855849A562672C51E26,17A2384E346031
8D8013F19914319DD8081CB38338,17A25FDE935634
8D8013F1585580E236A4BE87FEE9,17A26F5D809936
8D8013F1E1021F0000000021B5E8,17A28211567F19
8D8013F19914319DD0041C957B30,17A29D7C872814
8D8013F1F82300020049BC05CD5E,17A2C89FB73B2F
8D8013F19914319DD8081CB38338,17A2D8B79DDF19
8D8013F1EA1F5858013C08CC403A,17A3279EBCE41D
8D8013F1585580E1A2A4AF04FC74,17A335ECFD6418
8D8013F19914319DD8041CFBD938,17A35524C16726
8D8013F19914319DD8081CB38338,17A39951253724
8D8013F1EA1F5858013C08CC403A,17A3CC347C871F
8D8013F19914319DD0041C957B30,17A3D22A592222
8D8013F1F82300020049BC05CD5E,17A3F8E8D96D18
8D8013F158558498D6264C799504,17A444757AFE23
8D8013F1EA1F5858013C08CC403A,17A467A0372026
8D8013F19914319DD8041CFBD938,17A49B1C358A1E
8D8013F1585580E07CA491D1976F,17A4BB4C124421
8D8013F19914319DD0041C957B30,17A4E079C9D51C
8D8013F1585580E04CA48CB6F3DD,17A5017B5E3930
8D8013F19914319DD8041CFBD938,17A523750E221B
8D8013F1585584981E26398AA5C4,17A53A1BE9F216
8D8013F1F82300020049BC05CD5E,17A53AB472C61F
8D8013F19914319DD0081B22F114,17A56A03D4201E
8D8013F1585580DFECA483AA684D,17A57AB4BB781B
8D8013F1EA1F5858013C08CC403A,17A5A7A1CAC121
8D8013F1585580DFBCA47E07CC94,17A5C17C4BC61E
8D8013F19914319DF8041B417535,17A5E7A2326418
8D8013F15855849790262B51EA0C,17A5F7BA8CC11C
8D8013F19914319DF0041CD00719,17A62D001B8516
8D8013F158558497662627859F16,17A632F5D02637
8D8013F19914319DF8041CBEA511,17A66A0537C71E
8D8013F1F82300020049BC05CD5E,17A6725D514531
8D8013F1585580DF30A470B46F74,17A6772229F341
8D8013F15855849702261D7C0776,17A6B8EC699918
8D8013F1EA1F5858013C08CC403A,17A6E1AD70512A
8D8013F158558496D826199F7076,17A6F2F6AE223A
8D8013F19914319DF0041CD00719,17A6F558E9BD3A
8D8013F15855849678260F30CC07,17A7738FC8781F
8D8013F1EA1F5858013C08CC403A,17A7817E78A81F
8D8013F19914319DF8081CF6FF11,17A784795F061C
8D8013F1E1021F0000000021B5E8,17A78774669922
8D8013F1F82300020049BC05CD5E,17A7AFFC95D223
8D8013F19914319DF0041CD00719,17A7C5AAE38D22
8D8013F1585580DE10A45324C7AC,17A7F68B51111E
8D8013F19914319DF0041CD00719,17A80512F30122
8D8013F1EA1F5858013C08CC403A,17A81F4CA65722
8D8013F158558495E62601398480,17A837BD2DAB20
8D8013F19914319DF8041B417535,17A84A70409E16
8D8013F1EA1F5858013C08CC403A,17A8C0E77A3D25
8D8013F19914319DF0041B2FD73D,17A8CFCE3B4424
8D8013F1F82300020049BC05CD5E,17A8EC6A996926
8D8013F1585580DD4AA43F787C1B,17A8FAB90DEA20
8D8013F12218C1F2C7182057DEA3,17A9080F55FD1F
8D8013F19914319DF0041CD00719,17A913FAF63C14
8D8013F1585584952825EEF3D129,17A937BE78B91C
8D8013F19914319DF8041B417535,17A94D6C6E411D
8D8013F1EA1F5858013C08CC403A,17A95CEC21C319
8D8013F1585580DCEEA436342CAD,17A97725CC9D1D
8D8013F19914319DF8041B417535,17A98E05D8CB1E
8D8013F1585580DCBEA4319C40CB,17A9B5F4E7741E
8D8013F19914319DF8041CBEA511,17A9CFCF981522
8D8013F1EA1F5858013C08CC403A,17AA034B8CAB19
8D8013F1E1021F0000000021B5E8,17AA1363711D14
8D8013F19914319DF8081B092F35,17AA13FC63A718
8D8013F1585584946A25DBB791FD,17AA38F1009515
8D8013F19914319DF0081B678D3D,17AA565E81883A
8D8013F1EA1F5858013C08CC403A,17AAA24AB55D18
8D8013F1585580DBF8A41E17D25E,17AAC1827C0039
8D8013F1585580DBCCA419476B47,17AAF727ACF639
8D8013F19914319DF0081C985D19,17AB0E07B7AC41
8D8013F158558493AE25C8CCC675,17AB38F1BE191F
8D8013F19914319DF0081B678D3D,17AB45AF3BEA20
8D8013F1EA1F5858013C08CC403A,17AB4647C6F11E
8D8013F1F82300020049BC05CD5E,17AB6D9F0B151D
8D8013F19914319DF0041B2FD73D,17AB834D3DB621
8D8013F19914319DF0041CD00719,17ABBB54B4A721
8D8013F1EA1F5858013C08CC403A,17ABE547300724
8D8013F19914319DF0041CD00719,17AC034DD37E26
8D8013F1585580DADCA401B142B0,17AC34C77E523B
8D8013F19914319DF8041CBEA511,17AC40EBBC3421
8D8013F158558492C425B1A093BA,17AC742EA0E623
8D8013F1EA1F5858013C08CC403A,17AC834E70C822
8D8013F1E1021F0000000021B5E8,17AC966181A91B
8D8013F1F82300020049BC05CD5E,17ACAA0CD3D622
8D8013F19914319DF0041CD00719,17ACC6499BFF1D
8D8013F1585580DA46A3F22364DD,17AD0054150620
8D8013F19914319DF0081C985D19,17AD0BA76F2727
8D8013F1EA1F5858013C08CC403A,17AD21B534D723
8D8013F19914319DF0041B2FD73D,17AD48146FB620
8D8013F158558491FA259D077E12,17AD894595441D
8D8013F19914319DF0041CD00719,17ADC77C0D7523
8D8013F158558491C4259822D19A,17ADCFD462F324
8D8013F12218C1F2C7182057DEA3,17ADF00457991B
8D8013F1F82300020049BC05CD5E,17ADF2FF88EB1F
8D8013F19914319DF8041CBEA511,17AE03E90B6517
8D8013F19914319DF8041CBEA511,17AE4350BF4C17
8D8013F1585580D94CA3DA2BD87E,17AE4C4170FF3B
8D8013F1EA1F5858013C08CC403A,17AE5E2324F717
8D8013F1EA1F5858013C08CC403A,17AEF8F6932932
8D8013F19914319DF8081CF6FF11,17AF38F6BA8731
8D8013F19914319DF8041CBEA511,17AF785E78ED37
8D8013F1EA1F5858013C08CC403A,17AF9C5AFAA514
8D8013F1585580D84CA3C000A982,17AF9E24B25D17
8D8013F1585584903A25714973F4,17AFE25135AC36
8D8013F19914319DF8081CF6FF11,17B0077EE7BF16
8D8013F1EA1F5858013C08CC403A,17B03A292F2A15
8D8013F19914319DF8041CBEA511,17B0477F295B15
8D8013F15855848FD62567F9E1D8,17B067AF22D413
8D8013F12218C1F2C7182057DEA3,17B0739AF1963C
8D8013F1F82300020049BC05CD5E,17B074CC75DE11
8D8013F19914319DF0041CD00719,17B0851D7E3913
8D8013F15855848FA8256256B602,17B0A67E3A305C
8D8013F19914319DF8041B417535,17B10353FE4A31
8D8013F1585580D71CA3A226A723,17B130084A7617
8D8013F19914319DF8041B417535,17B1422376F01B
8D8013F15855848F102553B4FDFF,17B1726B022733
8D8013F19914319DF8041B417535,17B175FEA0E515
8D8013F1E1021F0000000021B5E8,17B1ABDD20CC2D
8D8013F1F82300020049BC05CD5E,17B1B5FF049038
8D8013F19914319E18041CE72232,17BC40FFA11931
8D8013F19914319E18041CE72232,17BCF311D8B930
8D8013F12218C1F2C7182057DEA3,17BD0EB6151035
8D8013F1EA1F5858013C08CC403A,17BD5BD35D6B11
8D8013F19914319E10041C89803A,17BD70177FB630
8D8013F19914319E18041CE72232,17BDB27A354437
8D8013F158558485F4246D5EB0B3,17BDB443E23E3B
8D8013F1EA1F5858013C08CC403A,17BDF9A1A53A31
8D8013F19914319E10041C89803A,17BE2B5411A434
8D8013F1F82300020049BC05CD5E,17BE33ABF4233C
8D8013F1E1021F0000000021B5E8,17BE3870D25013
8D8013F1585584857024607C5949,17BE6859057E15
8D8013F1585580CCF0A2A037152D,17BEA55E6CA333
8D8013F19914319E18041CE72232,17BEAEE8876931
8D8013F1585580CC60A2920168E3,17BF62FD477A32
8D8013F12218C1F2C7182057DEA3,17BF9547AB7414
8D8013F1585580CC2EA28D368BAF,17BFA42EA12717
8D8013F1EA1F5858013C08CC403A,17BFDD08032714
8D8013F1585580CBFEA288A70DC6,17BFE55FFCE830
8D8013F19914329E18041CE23D60,17BFEF8238802A
8D8013F1585580CBCEA283C0AD81,17C0242F0C0617
8D8013F19914329E10041C8C9F68,17C033AE712A17
8D8013F1585580CB98A27E41F0DE,17C0698CB90918
8D8013F19914329E18041CE23D60,17C0714C5ACA20
8D8013F1585580CB68A27946E43C,17C0A98D2FCF21
8D8013F1F82300020049BC05CD5E,17C0B14CB81D20
8D8013F19914329E18041CE23D60,17C0B873C55220
8D8013F1E1021F0000000021B5E8,17C0C06C91841C
8D8013F1EA1F5858013C08CC403A,17C0CBBFED6B37
8D8013F158558483922430B91D4F,17C0E72AEB3C22
8D8013F1EA1F5858013C08CC403A,17C11D0992C01E
8D8013F1585580CB08A26F89A4B2,17C12B57725324
8D8013F1F82300020049BC05CD5E,17C1511E16F115
8D8013F1585580CAD2A26A9527BB,17C16EEB97B61C
8D8013F19914319E10041C89803A,17C173B0112E24
8D8013F1585584830424215DB0A5,17C1A85D0E9222
8D8013F19914319E18041CE72232,17C1AE52F20327
8D8013F1EA1F5858013C08CC403A,17C1C106651825
8D8013F1585580CA92A263E05B8C,17C1C5CB251E34
8D8013F19914319E10041C89803A,17C1CCF240E916
8D8013F1585580CA80A26126AB05,17C1DF6C8EDC29
8D8013F19914319E10041C89803A,17C1EDBAB2CB26
8D8013F1F82300020049BC05CD5E,17C1EE53502123
8D8013F1E1021F0000000021B5E8,17C1F27F784031
8D8013F1585580CA6CA260A52CD6,17C1F74438F239
8D8013F12218C1F2C7182057DEA3,17C206FCA69725
8D8013F19914319E10041C89803A,17C2138107A313
8D8013F1585580CA54A25DAD2BDC,17C217AD2F732B
8D8013F19914319E10041C89803A,17C22EEC837D24
8D8013F1585580CA28A259E6208D,17C251B789E628
8D8013F1EA1F5858013C08CC403A,17C25B410EC527
8D8013F1585580CA14A25727BFF9,17C26AC08E8414
8D8013F19914319E10041C89803A,17C277DDBAAD30
8D8013F19914319E10041C89803A,17C297ADD95019
8D8013F1585584824A240FBF7BDB,17C2A09E9DEF1C
8D8013F19914319E10041C89803A,17C2B57B467D31
8D8013F1585584822E240CB846B6,17C2C82F0F052A
8D8013F1585580C9B4A24DF44C27,17C2EAC1074E21
8D8013F19914319E10041C89803A,17C2F0B7123D2D
8D8013F1585580C996A24A5548A8,17C311B8777331
8D8013F1E1021F0000000021B5E8,17C327C659A430
8D8013F19914319E10041C89803A,17C32BF2CF942E
8D8013F158558481E22404FD3EDC,17C32C8B176817
8D8013F1F82300020049BC05CD5E,17C32F860EDD31
8D8013F1EA1F5858013C08CC403A,17C3449BC84A16
8D8013F12218C1F2C7182057DEA3,17C34665C97F1F
8D8013F19914319E10041C89803A,17C352E9F44823
8D8013F19914319E10081CC1DA3A,17C36D2406A62C
8D8013F1585580C936A24105A852,17C391B9170E33
8D8013F1EA1F5858013C08CC403A,17C39251B0F931
8D8013F1585580C91EA23ED37433,17C3B15082C121
8D8013F19914319E10081CC1DA3A,17C3B1E95D2036
8D8013F19914319E10081CC1DA3A,17C3CF57174426
8D8013F1585584816623F80FA767,17C3D41C193532
8D8013F1F82300020049BC05CD5E,17C3D5E58D8B27
8D8013F1EA1F5858013C08CC403A,17C3E008157F1C
8D8013F19914319E18041CE72232,17C3EAC237CF36
8D8013F1585584814E23F6242D07,17C3F3B30D9535
8D8013F19914319E18041CE72232,17C40FEFF79E27
8D8013F1585580C8D0A236DA5E7D,17C417175A462B
8D8013F1EA1F5858013C08CC403A,17C42C8C517E3A
8D8013F19914319E18041CE72232,17C430B8B6E434
8D8013F1585584811823F05F4CEE,17C439A9595517
8D8013F1585580C8A0A231374E32,17C45979DEC13E
8D8013F1E1021F0000000021B5E8,17C465FEC51941
8D8013F19914319E10041C89803A,17C468F969BB36
8D8013F1F82300020049BC05CD5E,17C46E56652134
8D8013F1585580C882A22F692E00,17C480715E472A
8D8013F12218C1F2C7182057DEA3,17C48B2C4ED432
8D8013F19914319E18041CE72232,17C49089261823
8D8013F19914319E10041C89803A,17C4B3B3FCD731
8D8013F1585580C856A22A1C0BD4,17C4B747D63D16
8D8013F1EA1F5858013C08CC403A,17C4C9FAFB6034
8D8013F158558480A623E5BBFA40,17C4D4B5A37B31
8D8013F19914319E18081CAF7832,17C4D718488E1E
8D8013F1585584807623E0F98E90,17C5167FAF012F
8D8013F19914319E18081CAF7832,17C540723CEF2B
8D8013F1585580C7E2A21FD4673B,17C553850A6E26
8D8013F19914319E18081CAF7832,17C56009EE9439
8D8013F1585580C7C6A21C59A204,17C5761752CB15
8D8013F19914319E18041CE72232,17C58700F96729
8D8013F1585584801823D78AA029,17C5941E460822
8D8013F19914319E18081CAF7832,17C5A6984FAE2E
8D8013F1F82300020049BC05CD5E,17C5A730E1E822
8D8013F1E1021F0000000021B5E8,17C5AC8E3C0820
8D8013F1585580C79AA217A87534,17C5AF89285231
8D8013F1EA1F5858013C08CC403A,17C5B87A1FA915
8D8013F15855847FE823D23F565C,17C5D6809CDB20
8D8013F19914319E18081CAF7832,17C5E26C6CB616
8D8013F1EA1F5858013C08CC403A,17C60E292A3C24
8D8013F1585580C750A210425365,17C61123F63C27
8D8013F1585580C73EA20ECF3809,17C62B5DC3B21C
8D8013F19914319E18041CE72232,17C649FCBF5823
8D8013F1585580C726A20C7CC20A,17C64C5F233B24
8D8013F1EA1F5858013C08CC403A,17C65B45F97F12
8D8013F19914319E18041CE72232,17C687028EFB22
8D8013F15855847F5E23C46157BB,17C6908B9AC228
8D8013F19914319E18081CAF7832,17C6CC5FCE9E29
8D8013F1585580C6C0A2025E1248,17C6D255B79D27
8D8013F1F82300020049BC05CD5E,17C6E69A421728
8D8013F19914319E18041CE72232,17C6EAC5FB1118
8D8013F15855847F1623BD782B8C,17C6EE597FBF39
8D8013F1EA1F5858013C08CC403A,17C6FA45454A14
8D8013F1585580C694A1FDD6ED0E,17C70C601E4428
8D8013F12218C1F2C7182057DEA3,17C71125333126
8D8013F19914319E18081CAF7832,17C71256108A26
8D8013F19914319E18041CE72232,17C72C90106A30
8D8013F15855847EE623B854DE26,17C72D28A3412C
8D8013F1EA1F5858013C08CC403A,17C74D91A00C25
8D8013F15855847ECE23B67F5446,17C74F5B53DC29
8D8013F19914319E10041C89803A,17C752EEEE7427
8D8013F15855847EB623B4032A3E,17C76DC1EEE821
8D8013F1F82300020049BC05CD5E,17C78B2FE9CD1F
8D8013F1585580C632A1F4AAE869,17C78CF976CC25
8D8013F19914319E10041C89803A,17C79C78BC322C
8D8013F1EA1F5858013C08CC403A,17C79D119DD51F
8D8013F19914319E10041C89803A,17C7B91534581C
8D8013F15855847E6E23ACD0A06D,17C7CFF4969A2C
8D8013F19914319E10041C89803A,17C7DDAA513328
8D8013F1EA1F5858013C08CC403A,17C7EBF8DD622A
8D8013F1585580C5E4A1EC473E41,17C7EF8BDF631C
8D8013F19914319E10081CC1DA3A,17C7FADF768E1B
8D8013F19914329E10081CC4C568,17C81D12466925
8D8013F1E1021F0000000021B5E8,17C81DAA863E28
8D8013F1EA1F5858013C08CC403A,17C83B7805F917
8D8013F19914329E18041CE23D60,17C842D83C3916
8D8013F12218C1F2C7182057DEA3,17C84704853D12
8D8013F1585580C59CA1E43B2C4E,17C85126BF9D2A
8D8013F19914329E10081CC4C568,17C8626F805F2C
8D8013F15855847DF223A0C25C73,17C873202B9818
8D8013F19914329E10041C8C9F68,17C881A77CF619
8D8013F1EA1F5858013C08CC403A,17C88F5CF11141
8D8013F19914329E10041C8C9F68,17C8A308BDBD27
8D8013F1585580C554A1DDCBD7B4,17C8B0BE325533
8D8013F1F82300020049BC05CD5E,17C8CBC9C90A1C
8D8013F15855847DAA239905E734,17C8D553223528
8D8013F15855847D8E2396886A51,17C8F7E5EDCC17
8D8013F19914319E10081CC1DA3A,17C92BFA445517
8D8013F1585580C4DAA1D1483D9E,17C95127FBD624
8D8013F19914319E10041C89803A,17C9656BBDD125
8D8013F1F82300020049BC05CD5E,17C967CE27611E
8D8013F1585580C4C6A1CFCC3E1B,17C96AC90C4934
8D8013F12218C1F2C7182057DEA3,17C97B79998A3E
8D8013F15855847D20238B9A15D0,17C9908F47AD19
8D8013F19914319E18041CE72232,17C9A6051BD71F
8D8013F19914319E18041CE72232,17C9E7CECA581F
8D8013F19914319E10081CC1DA3A,17CA2B62A0A11E
8D8013F19914319E10041C89803A,17CA4F5F275A2C
8D8013F1585580C418A1BECE8B7B,17CA525A080B20
8D8013F1EA1F5858013C08CC403A,17CA6BFBCD951F
8D8013F19914319E10081CC1DA3A,17CA6E5DE6D311
8D8013F15855847C5E2377E49FF4,17CA94BCC6D013
8D8013F1E1021F0000000021B5E8,17CA9AB2AD6D19
8D8013F1F82300020049BC05CD5E,17CAAC9461E220
8D8013F19914319E18041CE72232,17CAAF8F6D1E1B
8D8013F19914319E18041CE72232,17CB2606F99018
8D8013F1585580C356A1AAD502F0,17CB525B47DE1C
8D8013F1EA1F5858013C08CC403A,17CB5C7D523533
8D8013F19914319E18081CAF7832,17CB5DAE95CB1D
8D8013F1585580C326A1A53862D3,17CB91C2F7CD22
8D8013F19914319E10081CC1DA3A,17CB9B4C6DC71F
8D8013F1EA1F5858013C08CC403A,17CBAACBDA3E1C
8D8013F1585580C2FAA1A1F7EC55,17CBCD9730E922
8D8013F19914319E18041CE72232,17CBD7B9345B23
8D8013F1F82300020049BC05CD5E,17CBEF90E2491E
8D8013F12218C1F2C7182057DEA3,17CBF1F3949B3E
8D8013F1585580C2CAA19C914957,17CC0D9784C61C
8D8013F19914319E18081CAF7832,17CC1B4D07391C
8D8013F15855847B142357C95E25,17CC4E30DF231D
8D8013F19914319E18041CE72232,17CC58EB0C221D
8D8013F1585580C26AA1923E6592,17CC8D984F4A1C
8D8013F1F82300020049BC05CD5E,17CC968955E32C
8D8013F1EA1F5858013C08CC403A,17CC9AB55C7010
8D8013F15855847AB6234D56FFDF,17CCCEC9C48E18
8D8013F1E1021F0000000021B5E8,17CD1558735A2B
8D8013F15855847A822348065ADD,17CD15F12DBD36
8D8013F19914319E18041CE72232,17CD23A688D21D
8D8013F1F82300020049BC05CD5E,17CD36B99F1234
8D8013F15855847A4E2343C0CD50,17CD5A1E1B4F1D
8D8013F19914319E18041CE72232,17CD6013B49832
8D8013F1EA1F5858013C08CC403A,17CD8B377FC218
8D8013F1585580C19AA17EBFAAEB,17CD9EE2788417
8D8013F19914319E18041CE72232,17CDA1455B9A19
8D8013F19914319DF0041CD00719,17CE5AB7544930
8D8013F1F82300020049BC05CD5E,17CE728EF8A237
8D8013F12218C1F2C7182057DEA3,17CE77EC9A8935
8D8013F19914319DF8041CBEA511,17CE94C1B5C030
8D8013F1585580C0D2A16A70D50C,17CEA3A86C2817
8D8013F1EA1F5858013C08CC403A,17CECA9FF47813
8D8013F19914319DF0041CD00719,17CED25F966815
8D8013F1585580C0A2A1659DB52F,17CEE3A8CD732F
8D8013F1EA1F5858013C08CC403A,17CF69070D2012
8D8013F19914319DF0081C985D19,17CF942AD2112F
8D8013F1585584782A230C93C1A1,17D039B8336534
8D8013F1EA1F5858013C08CC403A,17D147A81FAF2D
8D8013F1585584776422F8231F2B,17D14A0A89FB34
8D8013F1585580BEA4A132D5798D,17D18C6D19FF16
8D8013F1585584770422EF13ABAC,17D1CAA3C06531
8D8013F19914319DF8081CF6FF11,17D1D1CAC2CC19
8D8013F1EA1F5858013C08CC403A,17D1E6A7844213
8D8013F19914319DF8041CBEA511,17D2142DDE5712
8D8013F1E1021F0000000021B5E8,17D21B548FCF31
8D8013F1585580BE12A12374A84E,17D24C6E078C32
8D8013F1EA1F5858013C08CC403A,17D288429D6E13
8D8013F1585584767222E0F9CF5A,17D28E387CF713
8D8013F19914319DF8041CBEA511,17D297C1AC241C
8D8013F1585584761622D7FFEB69,17D30AA5420436
8D8013F1EA1F5858013C08CC403A,17D326A9129219
8D8013F19914319DF8041CBEA511,17D35DB867D41B
8D8013F158558475BC22CEA6FA2F,17D3837EF6B718
8D8013F12218C1F2C7182057DEA3,17D38548D66A15
8D8013F19914319DF0081C985D19,17D3985B881419
8D8013F1585580BCFAA1076989B0,17D3BAEE026E1C
8D8013F1EA1F5858013C08CC403A,17D3CAA637ED1E
8D8013F19914319DF0041CD00719,17D3E27DCEB937
8D8013F1585580BCCEA103C6D8BB,17D3F6294EDC1D
8D8013F1585580BC9EA0FE6571E2,17D434F8BC1819
8D8013F19914319DF8081CF6FF11,17D460B4AE012C
8D8013F1585584750822BCE129AC,17D4746033C117
8D8013F1E1021F0000000021B5E8,17D4956204531F
8D8013F19914319DF0041CD00719,17D4A1E64CE51E
8D8013F1F82300020049BC05CD5E,17D4B6C2C9C024
8D8013F19914319DF8041CBEA511,17D4E743FB5F1D
8D8013F1585580BC0EA0F052651E,17D4F59209171E
8D8013F1EA1F5858013C08CC403A,17D50A0F55C423
8D8013F19914319DF0041CD00719,17D523B0992D1B
8D8013F1585580BBD8A0EA105A61,17D53B88226D18
8D8013F19914319DF8081CF6FF11,17D56C0999321E
8D8013F1585584744022A82E564B,17D58419D8121C
8D8013F1EA1F5858013C08CC403A,17D5A61400C51C
8D8013F19914319DF8081CF6FF11,17D5AD3A882F16
8D8013F19914319DF8041CBEA511,17D5E61472D818
8D8013F158558473E6229F80D4BC,17D5F7F5DC2A23
8D8013F1F82300020049BC05CD5E,17D60086F8CB1F
8D8013F12218C1F2C7182057DEA3,17D607AE082321
8D8013F1585580BB18A0D78E3BA5,17D641B861CB20
8D8013F1EA1F5858013C08CC403A,17D647AE49CF23
8D8013F19914319DF8081CF6FF11,17D6644AA82422
8D8013F158558473882296F28F2C,17D679BFF9341E
8D8013F19914319DF0041CD00719,17D69DBCA7D81E
8D8013F1EA1F5858013C08CC403A,17D6E44B4E381B
8D8013F1585580BA90A0CADE3CD8,17D6EF0645DA18
8D8013F19914319DF0041CD00719,17D71BF3546734
8D8013F1E1021F0000000021B5E8,17D729A8DF2725
8D8013F1F82300020049BC05CD5E,17D739285FD137
8D8013F19914319DF0081C985D19,17D75EEE8BC415
8D8013F1585580BA30A0C071282B,17D76F06DD5718
8D8013F1EA1F5858013C08CC403A,17D784B4EE861B
8D8013F19914319DF0081C985D19,17D7A282784416
8D8013F19914319DF0081C985D19,17D820212EF92F
8D8013F1EA1F5858013C08CC403A,17D8257DFBBD4F
8D8013F1585580B966A0AC746090,17D87AF3EA8430
8D8013F1F82300020049BC05CD5E,17D8867FE27716
8D8013F12218C1F2C7182057DEA3,17D89730CB3615
8D8013F19914319DF0081C985D19,17D8A44D79C230
8D8013F158558471D8226B08D153,17D8C254690715
8D8013F1585580B90AA0A31DB7AF,17D8F62FE45815
8D8013F1E1021F0000000021B5E8,17DEB46D647739
8D8013F19914319DF8041CBEA511,17DECB4CBDAF2E
8D8013F1EA1F5858013C08CC403A,17DF07208D1537
8D8013F19914319DF0041B2FD73D,17DF4AB477152E
8D8013F15855846CDE21EBAAE730,17DF7899F39C17
8D8013F19914319DF0041CD00719,17DF89838D381D
8D8013F19914319DF0081B678D3D,17DFCC7ECD3F34
8D8013F1585580B3C0A01BF9F229,17DFFAFD382B3A
8D8013F15855846C5021DD03BD56,17E039CC05AD36
8D8013F1EA1F5858013C08CC403A,17E04AB5BCE33A
8D8013F19914319DF8041B417535,17E05012FE4B10
8D8013F15855846C1C21D82F7A37,17E0838EEE5D1C
8D8013F15855846BEC21D3FBD436,17E0C38F9B271F
8D8013F19914319DF0081C985D19,17E0D4D8583F1F
8D8013F1EA1F5858013C08CC403A,17E0EB7EC4AB23
8D8013F1585580B2FEA008F76407,17E1012D1CE621
8D8013F1E1021F0000000021B5E8,17E1317517031C
8D8013F1F82300020049BC05CD5E,17E1320E1CC720
8D8013F1585580B2CAA00258614D,17E14559EB091C
8D8013F19914319DF0041B2FD73D,17E1691D5D6836
8D8013F15855846B5821C441895A,17E188ED6D071F
8D8013F19914319DF8041B417535,17E18F7BF1A727
8D8013F15855846B2E21C07F8881,17E1C25F8DEF24
8D8013F19914319DF8041CBEA511,17E1CA1EF45C2B
8D8013F1585580B2429FF5A2638D,17E1F50A236B23
8D8013F1EA1F5858013C08CC403A,17E2291E76B821
8D8013F19914319DF8041CBEA511,17E24AB854951E
8D8013F15855846AB221B4385C5D,17E267548EE719
8D8013F1585580B1C49FE8E7C5D8,17E29E63F02F15
8D8013F12218C1F2C7182057DEA3,17E2A2904C7D1C
8D8013F1EA1F5858013C08CC403A,17E2CBEA224A37
8D8013F15855846A2421A5DCF1B7,17E3275581361D
8D8013F19914329E18081CAA6760,17E347BECDA85A
8D8013F19914329E10041C8C9F68,17E388EFECAD14
8D8013F19914329E18081CAA6760,17E3CD1C4EC813
8D8013F1585580B0649FC59D3DEC,17E46F16FB5130
8D8013F19914319DF0041CD00719,17E4842C6C1D18
8D8013F1EA1F5858013C08CC403A,17E4ACB4A03813
8D8013F1585580B0329FC019B417,17E4B0482E6B39
8D8013F1585580B0089FBB09BCD2,17E4EA5297361B
8D8013F19914329DF0041CD5184B,17E5144555AA35
8D8013F12218C1F2C7182057DEA3,17E518711EC130
8D8013F158558468A2217F49FF35,17E52C1D1F1F2D
8D8013F19914329DF0081C9D424B,17E557409FE338
8D8013F1585580AFA69FB2D73EBE,17E56922561D2F
8D8013F19914329DF0081C9D424B,17E59DCF248214
8D8013F1585580AF769FAD95C6C1,17E5A9BB187F14
8D8013F19914329DF0081C9D424B,17E5E0CAC57616
8D8013F158558468142170E89A6F,17E5EC1E0CFA1E
8D8013F1EA1F5858013C08CC403A,17E5F213D9F51D
8D8013F158558467E8216C3AE90F,17E626C092611B
8D8013F1E1021F0000000021B5E8,17E62D4F1CEC3F
8D8013F1EA1F5858013C08CC403A,17E694DF725D1D
8D8013F19914319DF0081C985D19,17E69DD05EC719
8D8013F158558466D02150E6E75F,17E7A29643582B
8D8013F1585580ADC89F820C3A85,17E7E591960D2C
8D8013F19914319DF8041CBEA511,17E7F4784E3A30
8D8013F1585580AD989F7DA18247,17E82591E8E037
8D8013F19914329DF8041CBBBA43,17E8793DB14610
8D8013F19914329DF8041CBBBA43,17E8B9D6956919
8D8013F1585580AD029F6E1CC0BA,17E8EAF0244811
8D8013F19914329E10041C8C9F68,17E9472D533937
8D8013F1F82300020049BC05CD5E,17EB44CD6B4314
8D8013F19914329E18041CE23D60,17EBEE875C2A2A
8D8013F19914329E10041C8C9F68,17EC321BD78D16
8D8013F1EA1F5858013C08CC403A,17EC3942708C17
8D8013F1585580AA629F2A030D2E,17EC63CD6A311C
8D8013F19914329E18041CE23D60,17EC6FB937BA3C
8D8013F1F82300020049BC05CD5E,17EC826CF17C1B
8D8013F12218C1F2C7182057DEA3,17ECA0D2BB8C38
8D8013F1585580AA329F25AB1124,17ECA335732D1B
8D8013F19914329E10041C8C9F68,17ECAC2671A81E
8D8013F1EA1F5858013C08CC403A,17ECD9ABF8BE16
8D8013F1585580AA009F20D74DA0,17ECE46697821C
8D8013F19914329DF0041CD5184B,17ECF51799281E
8D8013F1585580A9CC9F1B6CFCB0,17ED2AF5677323
8D8013F1EA1F5858013C08CC403A,17ED777A3AB01C
8D8013F1E1021F0000000021B5E8,17ED9CA7E3F918
8D8013F1585584624C20DC2EE2B8,17EDB3E6D63C1E
8D8013F1F82300020049BC05CD5E,17EDB47F85B33E
8D8013F1585584621820D7B19780,17EDFA75B29133
8D8013F158558460F820B9C1FB61,17EF84D2AA2838
8D8013F1EA1F5858013C08CC403A,17EFEE8C6B5539
8D8013F19914329DF0041CD5184B,17EFF48254441F
8D8013F1585580A79C9EE2977CA4,17F01158120522
8D8013F1F82300020049BC05CD5E,17F026CD26C71C
8D8013F1E1021F0000000021B5E8,17F02A60914625
8D8013F19914329DF0041CD5184B,17F035B3C4D525
8D8013F1585580A76C9EDE6ED150,17F05321FA041D
8D8013F19914329DF8041CBBBA43,17F075B482391B
8D8013F1EA1F5858013C08CC403A,17F090272C3F1E
8D8013F1585584602A20A567438E,17F096B5A3811D
8D8013F19914329DF0041CD5184B,17F0B35203AA22
8D8013F15855845FFC20A0458D84,17F0D584BD0F21
8D8013F19914329DF8041CBBBA43,17F0F057604021
8D8013F1585580A6EE9ED14B2064,17F0F6E5E0F815
8D8013F15855845FC8209B145DAF,17F11B7AFD8523
8D8013F1EA1F5858013C08CC403A,17F12D5CB90E1F
8D8013F1F82300020049BC05CD5E,17F15DDDB59325
8D8013F1585580A6A09EC983130C,17F15F0ED22825
8D8013F19914329DF8041CBBBA43,17F17058030824
8D8013F15855845F642091E2BA50,17F1A171906F20
8D8013F19914329DF8041CBBBA43,17F1A898A1CB22
8D8013F19914329DF8041CBBBA43,17F1C99A306312
8D8013F1EA1F5858013C08CC403A,17F1CD2DCACB25
8D8013F1585580A6409EBFA415FF,17F1DFA8144927
8D8013F19914329DF8041CBBBA43,17F1E800668A24
8D8013F1585580A6109EBA0C6582,17F21F0FCB6C21
8D8013F19914329DF8041CBBBA43,17F22A6304981D
8D8013F15855845ED42083BB8754,17F261729BF427
8D8013F19914329DF8081CF3E043,17F269327BE723
8D8013F1EA1F5858013C08CC403A,17F26CC5B04225
8D8013F19914329DF0041CD5184B,17F2ADF71ED019
8D8013F1EA1F5858013C08CC403A,17F311F4043314
8D8013F1585580A54E9EA79AD930,17F31FA9A37518
8D8013F19914329DF0041CD5184B,17F373EE203431
8D8013F1585580A4F29E9E644EF6,17F3988328BC31
8D8013F19914329DF8081CF3E043,17F3AE91020317
8D8013F1EA1F5858013C08CC403A,17F3B18C2C8F34
8D8013F15855845DC22067334111,17F3D457CA5635
8D8013F15855845D962063539461,17F40F92DBAE31
8D8013F12218C1F2C7182057DEA3,17F434878D5D17
8D8013F19914329DF0041CD5184B,17F438B3AEE438
8D8013F15855845D68205E179612,17F44E62D9B112
8D8013F1EA1F5858013C08CC403A,17F4515D5CB219
8D8013F1585580A43C9E8BB9C560,17F48DC9C47B38
8D8013F15855845D0E20550B7391,17F4CA36792D13
8D8013F15855845CDA204FAAEB86,17F50EFB920116
8D8013F1F82300020049BC05CD5E,17F51FAC222139
8D8013F1EA1F5858013C08CC403A,17F5915EEBBE3E
8D8013F1585580A3709E77BCD015,17F5991E3EC217
8D8013F19914319DF0041CD00719,17F5C7D5961D22
8D8013F15855845C462041C40C76,17F5D4F26D2024
8D8013F1585580A3169E6EA0C955,17F6115F83B820
8D8013F1EA1F5858013C08CC403A,17F62D62FCF025
8D8013F19914319DF0081C985D19,17F635BB472223
8D8013F15855845BE82037F85BE0,17F656BCC62A1C
8D8013F1F82300020049BC05CD5E,17F662A8B2561D
8D8013F19914319DF0081C985D19,17F67B19314D1C
8D8013F1585580A2B49E643F8877,17F693298E721F
8D8013F12218C1F2C7182057DEA3,17F6A63CF7281C
8D8013F19914319DF0081C985D19,17F6B48AA8871C
8D8013F1585580A28A9E60E5D3F6,17F6CC02C4DE1D
8D8013F1EA1F5858013C08CC403A,17F6CC9B61F61E
8D8013F15855845B62202A98094C,17F7087007A61B
8D8013F19914319DF0041CD00719,17F732C188E837
8D8013F15855845B3420251CECC0,17F749A0EFED1D
8D8013F1EA1F5858013C08CC403A,17F768072C7D1F
8D8013F19914319DF0041CD00719,17F775BCCBAF21
8D8013F15855845B0420207B18C6,17F7887083DB1B
8D8013F1F82300020049BC05CD5E,17F7A473E7F41D
8D8013F19914319DF8041CBEA511,17F7F1916CAD1B
8D8013F1EA1F5858013C08CC403A,17F80A3AF9D314
8D8013F15855845AA02016C9C950,17F80E67090A35
8D8013F15855845A702012744989,17F850C954071D
8D8013F19914319DF8081CF6FF11,17F878B9366B2A
8D8013F1EA1F5858013C08CC403A,17F8A6D7C7F837
8D8013F19914319DF8041CBEA511,17F8BB1BF55F38
8D8013F1585580A0FE9E3894ABEB,17F8D758CD8639
8D8013F1F82300020049BC05CD5E,17F8E6D7EC3916
8D8013F12218C1F2C7182057DEA3,17F9250E67491D
8D8013F19914319DF8041CBEA511,17F94577B66A1F
8D8013F1EA1F5858013C08CC403A,17F9474186FA22
8D8013F1585580A0A29E2F65D459,17F951638A7B48
8D8013F158558459801FFA716E4F,17F9945EF02B1D
8D8013F19914319DF8041CBEA511,17F99B85946512
8D8013F1585584596C1FF80D018E,17F9ACCEBBC037
8D8013F1585580A0489E26CADA60,17F9CB6E3A7028
8D8013F1585580A0349E2481F51C,17F9E50F52F12F
8D8013F1EA1F5858013C08CC403A,17F9E93BCD3727
8D8013F1585580A01C9E2155E702,17FA0610E2C121
8D8013F1585580A0049E1FE77433,17FA247709C62D
8D8013F1F82300020049BC05CD5E,17FA2CCF5C4620
8D8013F19914319DF0041CD00719,17FA44E009FC30
8D8013F158558458FA1FEC3D9D08,17FA490C379928
8D8013F19914319DF8081CF6FF11,17FA5DE8D89629
8D8013F12218C1F2C7182057DEA3,17FA693C6F4431
8D8013F19914319DF0041CD00719,17FA778A4D212F
8D8013F158558458CC1FE8896481,17FA89A50A6629
8D8013F1EA1F5858013C08CC403A,17FA8C9FFDB52D
8D8013F19914319DF0041CD00719,17FA93C724BB27
8D8013F15855809FA49E1504239C,17FAA5A8DFA819
8D8013F15855809F869E12A52713,17FACC07B93D2A
8D8013F1EA1F5858013C08CC403A,17FADD513C1613
8D8013F15855809F6E9E10EE19D6,17FAEA6DDC5A17
8D8013F19914319DF8041CBEA511,17FB1FB38F8E2E
8D8013F1EA1F5858013C08CC403A,17FB2C384DFC2E
8D8013F158558458341FD81E2327,17FB5460F8012A
8D8013F19914319DD0041C957B30,17FB62AED16A26
8D8013F1F82300020049BC05CD5E,17FB6F33915F2F
8D8013F1585584581C1FD635A947,17FB749085B017
8D8013F1EA1F5858013C08CC403A,17FB7B1F642820
8D8013F19914319DD0041C957B30,17FB84E1AB8711
8D8013F1E1021F0000000021B5E8,17FB8F03B87E12
8D8013F15855809EEC9E03CB4060,17FB988D0D0523
8D8013F12218C1F2C7182057DEA3,17FB9FB42E6E22
8D8013F19914319DD0041C957B30,17FBA478F39529
8D8013F1EA1F5858013C08CC403A,17FBCF9C8FDF24
8D8013F15855809EC29DFFDB9DD5,17FBD3301C4E29
8D8013F19914319DD0041C957B30,17FBE6DB9C0325
8D8013F19914319DD0041C957B30,17FC0A3F8AA51B
8D8013F1F82300020049BC05CD5E,17FC0DD319D334
8D8013F15855809E909DFA68452A,17FC1297D7592A
8D8013F19914319DD0041C957B30,17FC2CD1D07228
8D8013F19914319DD0041C957B30,17FC4CA2405238
8D8013F15855809E5C9DF4511E98,17FC588DF9A72D
8D8013F1EA1F5858013C08CC403A,17FC693EE5932B
8D8013F15855809E449DF2E2DCAD,17FC752AB91737
8D8013F15855809E309DF0C751D9,17FC93310A282F
8D8013F1E1021F0000000021B5E8,17FCC57C154029
8D8013F12218C1F2C7182057DEA3,17FCDCBAB6D231
8D8013F19914319DD8041CFBD938,17FCE9D7B7472D
8D8013F19914319DD0041C957B30,17FD09A8626B1E
8D8013F1EA1F5858013C08CC403A,17FD0C0A9E8328
8D8013F19914319DD0081CDD2130,17FD25ABEDA42C
8D8013F19914319DD0041C957B30,17FD46AD8D2417
8D8013F1F82300020049BC05CD5E,17FD4877AD1C1B
8D8013F158558456BA1FB313B7D1,17FD56C5870229
8D8013F1EA1F5858013C08CC403A,17FD5A595E641B
8D8013F19914319DD0041C957B30,17FD6940267F2F
8D8013F15855809D849DDF005A44,17FD765CD72E2D
8D8013F15855809D669DDCC19A02,17FD9DECF2F127
8D8013F19914319DD8041CFBD938,17FDA2B194E02A
8D8013F1EA1F5858013C08CC403A,17FDAB09DBB724
8D8013F15855809D329DD75EEF3A,17FDE34ADC8F26
8D8013F19914319DD0041C957B30,17FDE5144CBF25
8D8013F1F82300020049BC05CD5E,17FDEA7198772B
8D8013F1EA1F5858013C08CC403A,17FDF6F61EBE16
8D8013F1E1021F0000000021B5E8,17FE01E9D34318
8D8013F12218C1F2C7182057DEA3,17FE19C15C1525
8D8013F19914319DD0041C957B30,17FE1F1EA71227
8D8013F15855809D069DD20E4A38,17FE1FB750112E
8D8013F1585584560E1FA2A9CE90,17FE38C035AE28
8D8013F1EA1F5858013C08CC403A,17FE48793BAB25
8D8013F15855809CDA9DCEC1540A,17FE5890974523
8D8013F19914319DD0041C957B30,17FEA5ADD66924
8D8013F15855809C929DC7DA8A35,17FEB6F6F30633
8D8013F1585584559C1F96F83804,17FED46576D31D
8D8013F1EA1F5858013C08CC403A,17FEE34C169627
8D8013F15855809C689DC2A88846,17FEF068C5CE32
8D8013F158558455721F929FDB6A,17FF10D1BF0E25
8D8013F19914319DD8041CFBD938,17FF20E9B8AE20
8D8013F1F82300020049BC05CD5E,17FF264760AF23
8D8013F1E1021F0000000021B5E8,17FF41EBBCB425
8D8013F12218C1F2C7182057DEA3,17FF52032FDE2E
8D8013F19914319DD8081CB38338,17FF61829CC12A
8D8013F1585584552C1F8B75581B,17FF6E9F93EF15
8D8013F1EA1F5858013C08CC403A,17FF86B048E829
8D8013F15855809BEE9DB740E9E3,17FF9203834D28
8D8013F19914319DF0041CD00719,17FFA05218F227
8D8013F15855809BBE9DB2E8999E,17FFD335288A28
8D8013F19914319DF0041CD00719,17FFE34D585D20
8D8013F158558454B01F7F358A07,18001466E0A424
8D8013F19914319DF8081CF6FF11,180022B4BFE927
8D8013F1EA1F5858013C08CC403A,1800247E806B27
8D8013F19914319DF0041CD00719,180066E15E122C
8D8013F1F82300020049BC05CD5E,180069DC20CB29
8D8013F12218C1F2C7182057DEA3,18009336071327
8D8013F15855809B2A9DA3179CF6,180098934C7229
8D8013F19914319DF8041CBEA511,1800A47F1C4D2B
8D8013F1EA1F5858013C08CC403A,1800C74A78D52B
8D8013F19914319DF8041CBEA511,1800C9149EB82E
8D8013F15855809AFA9D9E7F4471,1800D893908026
8D8013F19914319DF0041CD00719,1800EBA684C229
8D8013F19914319DF0041CD00719,180107E35EDC16
8D8013F158558453F21F6C8820A4,18011631C3EB28
8D8013F19914319DF8041CBEA511,1801277AE0B729
8D8013F158558453BE1F67A4B384,18015A5E90C621
8D8013F19914319DF0041CD00719,18015E8A1F0623
8D8013F1EA1F5858013C08CC403A,180165B1A2A421
8D8013F1F82300020049BC05CD5E,1801A3E7C1991C
8D8013F1E1021F0000000021B5E8,1801C582462621
8D8013F15855809A389D8BFB3CEB,1801D76400C51F
8D8013F19914319DF8041CBEA511,1801E0ED242B1B
8D8013F1EA1F5858013C08CC403A,18020B7882271E
8D8013F1585584533A1F59789304,18020E73989E1F
8D8013F19914319DF8041CBEA511,1802205555DD1F
8D8013F19914319DF8041CBEA511,180261865A8524
8D8013F1EA1F5858013C08CC403A,1802AB1028D019
8D8013F158558452BE1F4D8EE310,1802B36876AC1B
8D8013F158558452901F48760888,1802F2D01FE515
8D8013F12218C1F2C7182057DEA3,18031CC28DF719
8D8013F19914319DF8081CF6FF11,180323518FD41C
8D8013F1585580992A9D70BBEB3A,180340BF252A16
8D8013F1EA1F5858013C08CC403A,18034A48925A18
8D8013F19914319DF8041CBEA511,18035E8C968E3A
8D8013F19914319DF0041CD00719,18039FBE258414
8D8013F158558098CA9D66B5524A,1803C0BFB32215
8D8013F19914319DF8041CBEA511,1803E3EA8CEE1D
8D8013F1EA1F5858013C08CC403A,1803E77E25D01E
8D8013F158558451C81F3431FB65,1804032262E320
8D8013F19914319DF8041CBEA511,18041CC3D3771F
8D8013F1E1021F0000000021B5E8,180444EC876F24
8D8013F158558098649D5C593C5F,1804461D9CFF21
8D8013F19914319DF8041CBEA511,180462BA01001F
8D8013F158558451641F2AC7C474,18048880D14220
8D8013F1EA1F5858013C08CC403A,18048CAC792421
8D8013F19914319DF0041CD00719,18049AFAA7C222
8D8013F19914319DF8081CF6FF11,1804E5B591F724
8D8013F1585584510A1F21B583FF,180503BC627925
8D8013F1EA1F5858013C08CC403A,1805277FDFF422
8D8013F19914329DF8041CBBBA43,18052B133D5325
8D8013F158558097A29D48660DE0,1805458698D726
8D8013F1F82300020049BC05CD5E,18055FC044CA23
8D8013F19914329DF0041CD5184B,18056E0ED8C925
8D8013F158558450AA1F18CFA325,1805828C22782C
8D8013F12218C1F2C7182057DEA3,18059F28009121
8D8013F19914329DF8041CBBBA43,1805B49D653823
8D8013F1585584507C1F13A17A32,1805C3248A5726
8D8013F1EA1F5858013C08CC403A,1805CA4BAF4A42
8D8013F19914329DF0041CD5184B,1805F798898A2D
8D8013F19914329DF0041CD5184B,1806323BE23028
8D8013F158558096E69D350D47BE,1806402A2B8827
8D8013F1EA1F5858013C08CC403A,18066B14D09628
8D8013F158558096BA9D310330C6,180677008B331F
8D8013F19914319DF8041CBEA511,18067799494022
8D8013F1F82300020049BC05CD5E,1806A781EE7128
8D8013F1E1021F0000000021B5E8,1806B2D4EA552E
8D8013F19914319E18081CAF7832,1806B49E96082A
8D8013F158558096869D2C3DA778,1806BB2D5E4823
8D8013F19914319E10041C89803A,1806F9FC498326
8D8013F1EA1F5858013C08CC403A,18070AE5D8DD23
8D8013F1585580962A9D23348CB8,18073701978324
8D8013F19914319E10041C89803A,180784F0898E29
8D8013F1EA1F5858013C08CC403A,1807ABAEFCBA22
8D8013F19914319DF8041CBEA511,1807CE7A9C651B
8D8013F1F82300020049BC05CD5E,1807E3EF9B2E20
8D8013F15855844ED41EE98CBDD1,1807FA9616021E
8D8013F19914319DF0041CD00719,18080FABD3C51E
8D8013F12218C1F2C7182057DEA3,180822BEAC3120
8D8013F15855844EA41EE461C1E9,18083A96547222
8D8013F19914319DF0081C985D19,18084F1379921F
8D8013F1EA1F5858013C08CC403A,18085044B33520
8D8013F158558095349D0A29D106,1808802D052524
8D8013F19914329DF0081C9D424B,1808947198D727
8D8013F19914329DF0041CD5184B,1808D50A029A23
8D8013F19914329DF0081C9D424B,1808F53A792216
8D8013F15855844E121ED5C1D19A,18090459F2D61F
8D8013F19914329DF0081C9D424B,180919CF0A8626
8D8013F1F82300020049BC05CD5E,180922C0232225
8D8013F1E1021F0000000021B5E8,18093370A31427
8D8013F15855844DE21ED1452A9F,18094328E59322
8D8013F158558094729CF750389A,1809802E658026
8D8013F1EA1F5858013C08CC403A,18098B81D39721
8D8013F19914319DF0041CD00719,1809976DA62128
8D8013F158558094429CF237CC9C,1809BB3117E521
8D8013F19914319DF0041CD00719,1809D8063E7626
8D8013F15855844D581EC342E042,1809F9FFED0721
8D8013F19914319DF8081CF6FF11,180A19D03D1B29
8D8013F158558093E69CE87C9B0A,180A366CA45927
8D8013F19914319DF0081C985D19,180A5D64794224
8D8013F1F82300020049BC05CD5E,180A635A666720
8D8013F158558093B09CE3F846B0,180A8160A4BB24
8D8013F19914319DF0081C985D19,180AA05FBAA124
8D8013F12218C1F2C7182057DEA3,180AA0F80D7121
8D8013F15855844CC41EB4FADC8C,180AC3C358641F
8D8013F1EA1F5858013C08CC403A,180AC920C9F421
8D8013F19914319DF8041CBEA511,180AE190DF3519
8D8013F1585580934C9CD9583C65,180B058DC91C1B
8D8013F158558093209CD5CE0348,180B3B32F7241F
8D8013F1EA1F5858013C08CC403A,180B648C85E538
8D8013F19914319DF8081CF6FF11,180B8FB015EB20
8D8013F1F82300020049BC05CD5E,180BA22A794A1C
8D8013F1E1021F0000000021B5E8,180BBA0223FC1E
8D8013F158558092C09CCBC0CA54,180BC0C9A66F1D
8D8013F19914319DF8041CBEA511,180BCD4E71511C
8D8013F1EA1F5858013C08CC403A,180C045D87B520
8D8013F15855844BAC1E988981AC,180C38393CA318
8D8013F19914319DF8081CF6FF11,180C4D4EAD4012
8D8013F15855844B7E1E93D009BF,180C78D1CBF020
8D8013F19914319DF0041CD00719,180C8AECABA11D
8D8013F1EA1F5858013C08CC403A,180CA526B16D1F
8D8013F19914319DF0081C985D19,180CC75961F81B
8D8013F1F82300020049BC05CD5E,180CE526F5F825
8D8013F15855844B1E1E8AE0E979,180CF96B003624
8D8013F19914319DF0041CD00719,180D104A9A5127
8D8013F12218C1F2C7182057DEA3,180D2C4EAF2C22
8D8013F15855844AEA1E85FB21A0,180D445F12D91F
8D8013F1EA1F5858013C08CC403A,180D475A037822
8D8013F19914319DF0041CD00719,180D55A82B0125
8D8013F1F82300020049BC05CD5E,180D85910BA52A
8D8013F15855844AB61E800AA2D1,180D888BFE2828
8D8013F19914319DF0041CD00719,180D9214FB0B26
8D8013F158558091349CA48EBAFB,180DCD5083B627
8D8013F19914319DF0041CD00719,180DD3466A9225
8D8013F1EA1F5858013C08CC403A,180DE5282CF11E
8D8013F19914319DF0081C985D19,180E10E48EF921
8D8013F158558090FE9C9EB1FCC2,180E13DF49E21C
8D8013F1F82300020049BC05CD5E,180E248FE5BA3F
8D8013F1E1021F0000000021B5E8,180E3A0524E826
8D8013F1EA1F5858013C08CC403A,180E86C312F721
8D8013F19914319DF0041CD00719,180E8D517B4522
8D8013F158558449F41E6CE2F9BE,180E904C6AEA24
8D8013F19914319DF0041B2FD73D,180EC75BF40D1F
8D8013F1585580906E9C9086E83E,180ED21695BF24
8D8013F19914319DF0041CD00719,180F04F9D5322A
8D8013F1585580903E9C8B2E2CDA,180F1216DC3E2B
8D8013F1EA1F5858013C08CC403A,180F26F3AB4022
8D8013F19914319DF8041B417535,180F4166934926
8D8013F1585580900A9C867EF9B4,180F580D0D231F
8D8013F19914319DF8081CF6FF11,180F875D378A1D
8D8013F15855808FD89C81EB1CFE,180F99D75C2A1F
8D8013F12218C1F2C7182057DEA3,180FACEA06331F
8D8013F19914319DF0041B2FD73D,180FC6C490221B
8D8013F1EA1F5858013C08CC403A,180FC88ED3BE1E
8D8013F19914319DF8081CF6FF11,1810104E537119
8D8013F158558448C41E4E50E17F,1810265CA88F1F
8D8013F19914319DF0081C985D19,18105180259A3C
8D8013F158558448941E49F88D19,181068264C2418
8D8013F1F82300020049BC05CD5E,1810A65D284F19
8D8013F15855808F0A9C6CB7F4D0,1810ABBA19351C
8D8013F1E1021F0000000021B5E8,1810CA5955CC21
8D8013F19914319DF8041CBEA511,1810CF1E13901E
8D8013F1EA1F5858013C08CC403A,1811089035141B
8D8013F19914319DF8041CBEA511,18114DED81391D
8D8013F158558447CE1E35AB3DAB,181174134E451E
8D8013F19914319DF8041CBEA511,18118CBC93E222
8D8013F1EA1F5858013C08CC403A,1811A827D7F424
8D8013F15855808E3E9C583279E0,1811B6762F5720
8D8013F19914319DF0041B2FD73D,1811C4FD52C021
8D8013F1F82300020049BC05CD5E,1811ED8569DD2B
8D8013F1585584476E1E2CFB2192,1811F4AC84FC24
8D8013F19914319DF0081B678D3D,18120464F49622
8D8013F12218C1F2C7182057DEA3,181228287FFB24
8D8013F158558447401E27039E4B,1812341438A524
8D8013F19914319DF0041B2FD73D,181246C7B4B221
8D8013F1EA1F5858013C08CC403A,18124760572927
8D8013F15855808DAE9C49862A79,18127676F5A41B
8D8013F19914319DF8041B417535,181285973F0C26
8D8013F158558446DC1E1D479DB6,1812B841527629
8D8013F19914319DF0081B678D3D,1812CA5BC59326
8D8013F1EA1F5858013C08CC403A,1812E06A057524
8D8013F15855808D4E9C405C2ECA,1812F546A8D328
8D8013F19914329DF8041CBBBA43,18130D57187728
8D8013F1F82300020049BC05CD5E,1813295B3BB926
8D8013F19914329DF8041CBBBA43,18132FE9629913
8D8013F158558446821E14ADFE1F,181334AE260A28
8D8013F1E1021F0000000021B5E8,1813521C4AA026
8D8013F19914319DF8041CBEA511,1813547ECC8A23
8D8013F158558446561E10272FC2,18136D8739F920
8D8013F158558446261E0BCA970F,1813AD87A1EB24
8D8013F19914319DF8081CF6FF11,1813CAF5D79722
8D8013F19914319DF8081CF6FF11,1814151801BB22
8D8013F1EA1F5858013C08CC403A,181418ABB7E91F
8D8013F15855808C6A9C29F83801,18142497572F20
8D8013F19914319E18081B50A816,18145518477F1D
8D8013F15855808C3A9C24503810,18146366CA1821
8D8013F19914319E18081B50A816,1814934EDA6C2A
8D8013F158558445721DF9C1D3EF,1814A2CE301E2F
8D8013F12218C1F2C7182057DEA3,1814B11C667C25
8D8013F1EA1F5858013C08CC403A,1814B1B4F56A2A
8D8013F15855808BF29C1D733153,1814C599DDD315
8D8013F19914319E18041B18F216,1814D480AB3D2F
8D8013F15855808BDE9C1B6F9A5B,1814DF3AF7EA29
8D8013F15855808BC69C19DC6058,181502064A3035
8D8013F1F82300020049BC05CD5E,18150632B88F2B
8D8013F19914319E18081B50A816,181519DE014630
8D8013F15855808BAA9C16B5B767,18152400013D2B
8D8013F1EA1F5858013C08CC403A,181553E86CA12B
8D8013F19914319E18041B18F216,1815564ABA9B2F
8D8013F15855808B749C104A702B,181569F643592B
8D8013F19914319E10081B3E0A1E,18159EA3598533
8D8013F1EA1F5858013C08CC403A,1815A531DEF031
8D8013F1F82300020049BC05CD5E,1815A82CC62929
8D8013F19914319E10041B76501E,1815DFD4CA452A
8D8013F1E1021F0000000021B5E8,1815E2374EDF2B
8D8013F15855808B149C077AC4AC,1815E9F6EE5E26
8D8013F1EA1F5858013C08CC403A,1815F67B5C8920
8D8013F12218C1F2C7182057DEA3,1816003E21F13A
8D8013F19914319DF0041B2FD73D,181618AE15A027
8D8013F19914319DF8041B417535,18165220049A29
8D8013F19914319DF8081CF6FF11,181696E4DF5C25
8D8013F1EA1F5858013C08CC403A,1816977DD3DB26
8D8013F158558443F21DD3D2756F,1816A82E038B23
8D8013F15855808A6E9BF6E6835F,1816C765E42E17
8D8013F19914319DF0041B2FD73D,1816D056ACF430
8D8013F158558443C61DCE8240D9,1816E1072BAE29
8D8013F1F82300020049BC05CD5E,1816E2D186BB25
8D8013F15855808A449BF2D6CDCA,181701709A8C36
8D8013F19914319DF8041CBEA511,18170A61A9D128
8D8013F15855808A2C9BF077F7A2,18171D74544728
8D8013F1EA1F5858013C08CC403A,1817367CDA9D2A
8D8013F12218C1F2C7182057DEA3,18173977B82220
8D8013F19914319DF8041B417535,18174E8DDE7225
8D8013F158558089FA9BEB65C998,18175EA5853F25
8D8013F19914319DF8041B417535,1817918929C421
8D8013F158558089CA9BE6024DF2,18179D74EF5E1E
8D8013F19914319DF8041B417535,1817AEBDC6962A
8D8013F158558089B29BE381E3AE,1817C1712B433A
8D8013F19914319DF8041B417535,1817D51CA7FA2A
8D8013F1EA1F5858013C08CC403A,1817D948D81827
8D8013F1585584430E1DBC8EA03D,1817DB128E5942
8D8013F19914319DF0041B2FD73D,1817EFEF468832
8D8013F158558089829BDF18B2A5,181800D930F341
8D8013F19914319DF0041B2FD73D,18180D5D507229
8D8013F158558089649BDCEE23E7,1818236BD2EA2F
8D8013F1EA1F5858013C08CC403A,181828C871992D
8D8013F158558442BC1DB4CCB914,18184A62A25A31
8D8013F19914319DF0041B2FD73D,181852BAE7E92C
8D8013F1E1021F0000000021B5E8,18185C44699B23
8D8013F158558089349BD74607DB,181865CDDD1422
8D8013F1EA1F5858013C08CC403A,18187848A5862A
8D8013F19914319DF8041CBEA511,1818948552F325
8D8013F158558089009BD216A2D9,1818A96228AC30
8D8013F19914319DF0041CD00719,1818B41C507B1C
8D8013F158558088E89BCF8921DF,1818CB94C79417
8D8013F1EA1F5858013C08CC403A,1818CDF6CC1239
8D8013F19914319DF0081C985D19,1818D6E7A4A628
8D8013F158558442401DA86D265C,1818EC5D713023
8D8013F19914319DF0081C985D19,1818F1BA74F232
8D8013F19914319DF0041CD00719,181912BBEB1026
8D8013F1EA1F5858013C08CC403A,18191BACB6092B
8D8013F158558088A49BC8A5FAA5,1819249D99B92F
8D8013F19914319DF0041CD00719,181935E6CAC817
8D8013F1585580888C9BC68E70C5,18194637CE3211
8D8013F19914319DF0041CD00719,18195CDE55B828
8D8013F1F82300020049BC05CD5E,1819636D0E9629
8D8013F158558441E61D9F6C51E7,18196667FAC129
8D8013F19914319DF0041CD00719,1819797A97AB31
8D8013F1585580883E9BBEE536B7,1819A96340B42D
8D8013F12218C1F2C7182057DEA3,1819AC5E62952A
8D8013F1EA1F5858013C08CC403A,1819BA13811D28
8D8013F1585580882C9BBC23C63E,1819C638632F35
8D8013F19914319DF0081C985D19,1819D05A700729
8D8013F1585584418C1D96295B73,1819E0730E722D
8D8013F19914319DF0041CD00719,1819E9FBD4E217
8D8013F1585584417A1D94FD7A28,1819FA13C5F615
8D8013F158558440A01D7E1B1D79,181B21A516DD2E
8D8013F1EA1F5858013C08CC403A,181B49CDC2B713
8D8013F1F82300020049BC05CD5E,181B4C303F8211
8D8013F158558086EE9B9DFEB681,181B6965708426
8D8013F19914319DF0081C985D19,181B7A15B2F131
8D8013F158558086D69B9AF7FC94,181B8DFA6F3919
8D8013F19914319DF0081C985D19,181B9C4877D032
8D8013F158558440381D744293BB,181BAD9189FD2C
8D8013F19914319DF8041CBEA511,181BC044EFD330
8D8013F158558440241D72C6008A,181BC9CE683E14
8D8013F1585584400C1D70EDC2B0,181BE83519EF30
8D8013F1EA1F5858013C08CC403A,181BE9660F351C
8D8013F19914319DF0041CD00719,181C02A81F8231
8D8013F15855843FFA1D6E8A3082,181C0471597016
8D8013F12218C1F2C7182057DEA3,181C1B17E4612A
8D8013F1E1021F0000000021B5E8,181C1EAB789F14
8D8013F19914319DF0041CD00719,181C21A667C713
8D8013F15855843FDE1D6B07D190,181C279C44912F
8D8013F19914319DF0041CD00719,181C489E35102D
8D8013F15855843FAA1D66DDFCAC,181C6D9274DA29
8D8013F1EA1F5858013C08CC403A,181C880594DB2D
8D8013F19914319DF8041CBEA511,181C8B00AD6525
8D8013F15855843F7E1D62572D71,181CA835794527
8D8013F19914319DF0041CD00719,181CC63C210229
8D8013F1EA1F5858013C08CC403A,181CD94F0D6324
8D8013F158558085CC9B80233954,181CE9674DD029
8D8013F19914319DF0041CD00719,181D05A4516C1E
8D8013F1F82300020049BC05CD5E,181D253B378427
8D8013F158558085989B7BB9E8A4,181D2FF6305E23
8D8013F19914319DF8041CBEA511,181D41780A0D23
8D8013F1E1021F0000000021B5E8,181D68CF75601F
8D8013F1585580856C9B7776353C,181D6BC9FF6620
8D8013F1EA1F5858013C08CC403A,181D7422406127
8D8013F19914319DF8041CBEA511,181D850BD9801F
8D8013F15855843EB81D4E315CB1,181DB2F16F9A20
8D8013F19914319DF8041CBEA511,181DBA1864651C
8D8013F15855843E841D490F47A0,181DF84F530F1B
8D8013F1EA1F5858013C08CC403A,181E13F3A16710
8D8013F15855843E5A1D45F0EC9B,181E34BBC76B14
8D8013F19914319DF8041CBEA511,181E35ECE7E821
8D8013F1F82300020049BC05CD5E,181E6078553622
8D8013F15855843E2E1D402AB1CB,181E6D94F90465
8D8013F19914319DF0041CD00719,181E7554FDC51D
8D8013F158558084929B61E793D2,181E8B9BF24C2B
8D8013F12218C1F2C7182057DEA3,181E8CCCC1EA20
8D8013F1E1021F0000000021B5E8,181EABCBB44A15
8D8013F15855843DFE1D3CE9E483,181EAC64715D23
8D8013F1EA1F5858013C08CC403A,181EB38B52CE26
8D8013F15855843DE81D39E7952A,181ED060A20636
8D8013F19914319DF8041CBEA511,181EDCE5094B3A
8D8013F19914319DF8041CBEA511,181EF8E8E48926
8D8013F1F82300020049BC05CD5E,181F07704E513B
8D8013F15855843DBC1D35873036,181F09D2D27E38
8D8013F158558084209B5670F688,181F25D6996821
8D8013F19914319DF8081CF6FF11,181F37B8595720
8D8013F1EA1F5858013C08CC403A,181F565754311C
8D8013F15855843D7A1D2FCBB9E0,181F6242EB9720
8D8013F19914319DF8041CBEA511,181F7851F07E20
8D8013F1F82300020049BC05CD5E,181FA1AAB0951D
8D8013F15855843D461D290A56F8,181FA70804C920
8D8013F19914319DF8041CBEA511,181FB71FFB7B1D
8D8013F15855843D161D255DA2E0,181FE839845E1F
8D8013F1E1021F0000000021B5E8,181FEA9BED611D
8D8013F1EA1F5858013C08CC403A,181FF091D42E14
8D8013F19914319DF8041CBEA511,181FFA1B38551F
8D8013F1585580835A9B42C4163E,1820296B75B717
8D8013F19914319DF8041CBEA511,182039830D7021
8D8013F19914319DF8081CF6FF11,18205BB5C3E843
8D8013F15855843CB81D1B9A0990,1820683A282F22
8D8013F19914319DF8041CBEA511,18208214CAD625
8D8013F158558083109B3BC6C28B,18208C36A6F93A
8D8013F15855843C841D16A47EF6,1820AD97D20520
8D8013F19914319DF8041CBEA511,1820BB4DBB4120
8D8013F1F82300020049BC05CD5E,1820E5D86DBB23
8D8013F15855843C541D11E6163D,1820ED98120C25
8D8013F12218C1F2C7182057DEA3,1821017CBEF221
8D8013F19914319DF8081CF6FF11,182106D9F7A027
8D8013F158558082989B2F694193,18212B360AD01E
8D8013F1EA1F5858013C08CC403A,18212FFAC5F423
8D8013F19914319DF0041CD00719,182142AEA69720
8D8013F19914319DF0041CD00719,18215BB6F7473B
8D8013F158558082629B2A1B43E0,18216F62CB2724
8D8013F19914319DF0041CD00719,18217558B6A727
8D8013F1F82300020049BC05CD5E,182183471FFA30
8D8013F15855843BC01D033509FE,1821B2F67B1B25
8D8013F19914319DF8041CBEA511,1821C17D9E0710
8D8013F1EA1F5858013C08CC403A,1821D35F579D26
8D8013F15855843B961CFEBA5921,1821EC68A18128
8D8013F15855843B821CFDAFA427,182209D6443513
8D8013F1F82300020049BC05CD5E,18221EB2E7D228
8D8013F158558081DC9B1C56264A,18222377EBE626
8D8013F19914319DF8041CBEA511,1822372316D425
8D8013F15855843B441CF61C3920,18225BB8303423
8D8013F1E1021F0000000021B5E8,182268D5437622
8D8013F1EA1F5858013C08CC403A,18227094E1BC26
8D8013F19914319DF0041CD00719,18227854F9D622
8D8013F19914319DF0041CD00719,18229F4C1CB514
8D8013F15855843B081CF0CF1653,1822AECB7DF03F
8D8013F1F82300020049BC05CD5E,1822C3E130E510
8D8013F1EA1F5858013C08CC403A,1822C479E27F36
8D8013F19914319DF0081C985D19,1822C5AB4E5C26
8D8013F1585580815E9B10A7C23F,1822CCD217B227
8D8013F1585580814A9B0E4D63B2,1822E4A9AECD17
8D8013F19914319DF0041CD00719,18230349262A29
8D8013F1585580812E9B0B4A7AF2,18230C39D87A27
8D8013F1EA1F5858013C08CC403A,18231360EA912A
8D8013F15855843AA81CE7B4A378,18232ECC189A15
8D8013F19914319DF8041CBEA511,18233A1F67BF29
8D8013F15855843A8C1CE4396647,182355C37D352F
8D8013F19914319DF8041CBEA511,18235CEAA21817
8D8013F1EA1F5858013C08CC403A,1823641221513B
8D8013F1F82300020049BC05CD5E,182364AA66752A
8D8013F158558080E09B034350BC,18237096218F19
8D8013F19914319DF8041CBEA511,1823755B340A2C
8D8013F1E1021F0000000021B5E8,1823A70D06F318
8D8013F1EA1F5858013C08CC403A,1823B2F90C4629
8D8013F19914319DF0041CD00719,1823B68C7AFB4C
8D8013F15855843A2C1CDA976BEA,1823D5C430682A
8D8013F19914319DF8081CF6FF11,1823FAB8D10F2D
8D8013F1F82300020049BC05CD5E,1824034A68301B
8D8013F1EA1F5858013C08CC403A,18240513FD4D36
8D8013F158558080629AF64699E4,18241826D9FF35
8D8013F19914319DF8041CBEA511,182418BFA1D031
8D8013F1585580804A9AF46D5BDE,182437BE33431B
8D8013F1EA1F5858013C08CC403A,1824552C3E6530
8D8013F19914329DF8041CBBBA43,1824595862CB16
8D8013F158558439C81CD0F9D1BA,18245B2232702D
8D8013F19914329DF8041CBBBA43,18247A20FCD632
8D8013F158558080169AEF9C6C36,18248219AB1118
8D8013F15855807FFE9AEC9A5876,18249D851F692E
8D8013F19914329DF8041CBBBA43,1824B261FB2D2D
8D8013F19914329DF0041CD5184B,1824D9F1980C34
8D8013F15855807FCE9AE7FDF831,1824DEB64D4437
8D8013F1E1021F0000000021B5E8,1824EC6C5DBE32
8D8013F1EA1F5858013C08CC403A,1824F26220B72E
8D8013F19914329DF0041CD5184B,18250181B19C2F
8D8013F15855807FA29AE36BB770,182518C0AF8735
8D8013F19914329DF8041CBBBA43,18252080B7C216
8D8013F1EA1F5858013C08CC403A,18254646A9D834
8D8013F1585584390A1CBD7F7B44,18255A8B6C8A2C
8D8013F15855807F5A9ADC03509E,1825768EF9F512
8D8013F19914329DF8041CBBBA43,182589DA8F732C
8D8013F1EA1F5858013C08CC403A,182592CB6D7627
8D8013F15855807F409AD954D23B,182597908DAD24
8D8013F158558438C41CB689B918,1825BA22DE7730
8D8013F19914329DF8041CBBBA43,1825D06966B729
8D8013F15855807F109AD4FCD22A,1825D829030928
8D8013F1EA1F5858013C08CC403A,1825DF501F1313
8D8013F1F82300020049BC05CD5E,1825E7A86F702E
8D8013F12218C1F2C7182057DEA3,1825EBD48EF32F
8D8013F19914329DF8041CBBBA43,18261364A8352A
8D8013F1EA1F5858013C08CC403A,182630010A624C
8D8013F158558438521CAB6D5CA8,1826552EB43828
8D8013F158558438261CA6B77194,1826906AB2BF1E
8D8013F19914329DF8041CBBBA43,182693653B1F28
8D8013F19914319DF8041CBEA511,1826D06A98BF23
8D8013F1EA1F5858013C08CC403A,1826D103447C1C
8D8013F19914329DF8041CBBBA43,182715C865CC2F
8D8013F158558437C21C9CD70171,1827166102672E
8D8013F158558437AC1C9A5AFAA9,1827326510F933
8D8013F158558437981C98F58F8F,1827506B49132B
8D8013F19914329DF8041CBBBA43,18275BBEA70D30
8D8013F1EA1F5858013C08CC403A,18276D07D2BD2A
8D8013F1E1021F0000000021B5E8,1827785B4E422A
8D8013F15855807DC49AB3DC5393,182793667CA729
8D8013F19914329DF8041CBBBA43,18279C5758C627
8D8013F1585584373A1C8FBE6F75,1827D1047C7F23
8D8013F19914329DF0041CD5184B,1827E5E1238721
8D8013F1EA1F5858013C08CC403A,18281235F09A2A
8D8013F19914329DF0041CD5184B,182827131C2425
8D8013F15855807D329AA4F75E2F,18285400119C23
8D8013F19914329DF0041CD5184B,1828667AAA7222
8D8013F1F82300020049BC05CD5E,18287003CE1626
8D8013F12218C1F2C7182057DEA3,18288480F7D926
8D8013F158558436A61C800481DF,182895318CCB29
8D8013F19914329DF0081C9D424B,1828ABD7FA2226
8D8013F1EA1F5858013C08CC403A,1828B1355E0620
8D8013F15855807CCC9A9A67491D,1828D95DF59D22
8D8013F19914329DF0081C9D424B,1828EC71309B26
8D8013F15855807C9C9A95CF5517,1829195E3CF625
8D8013F19914329DF0081C9D424B,18293135EFA722
8D8013F1EA1F5858013C08CC403A,1829540145C61E
8D8013F15855807C6C9A90C85DEE,1829582D629A1D
8D8013F19914329DF0041CD5184B,18297562ADEC1F
8D8013F19914329DF0081C9D424B,1829AF6D19D342
8D8013F1F82300020049BC05CD5E,1829B693EFDB31
8D8013F158558435B81C68E2ADC8,1829D49ACF701C
8D8013F1EA1F5858013C08CC403A,1829EED471EE2F
8D8013F1E1021F0000000021B5E8,1829F3994B0A24
8D8013F15855807BE09A82A8A435,182A13698E8B14
8D8013F1585584355E1C5F1525D4,182A4FD6608839
8D8013F19914319DF0041CD00719,182A7563EE0D35
8D8013F19914319DF0041B2FD73D,182B2DA4DAB135
8D8013F1585584349A1C4B69AD92,182B549CA7E915
8D8013F19914319E18041B18F216,182B6F6F43A81B
8D8013F1585584346C1C47BDD888,182B96667D7A16
8D8013F1EA1F5858013C08CC403A,182BCEA7680B11
8D8013F1585584343C1C4215A8F5,182BD5CE4F9818
8D8013F15855807A5E9A5CB70F45,182C11A2A97A16
8D8013F19914319E10041C89803A,182C2122015F14
8D8013F1F82300020049BC05CD5E,182C34CD26421B
8D8013F15855807A2C9A5741FFD2,182C51A3259F19
8D8013F19914319E18041CE72232,182C64B5987C22
8D8013F1EA1F5858013C08CC403A,182C6C75B8A41D
8D8013F1E1021F0000000021B5E8,182C8A7BE2A51C
8D8013F158558079FC9A527F8CF7,182C923B831E1E
8D8013F19914319E18041CE72232,182CA253828A1E
8D8013F19914319E18041CE72232,182CDEC036DD1C
8D8013F1EA1F5858013C08CC403A,182D0EA8EEDA1E
8D8013F1585580799C9A48B08423,182D12D4BE4A18
8D8013F19914319E18041CE72232,182D27B1721433
8D8013F158558079669A43C2D211,182D59638F6325
8D8013F1F82300020049BC05CD5E,182D7A2C1DE517
8D8013F12218C1F2C7182057DEA3,182D85B8B41C1B
8D8013F158558079309A3E44898E,182D9D904EA21E
8D8013F19914319E18081CAF7832,182DA97C2B2F19
8D8013F1EA1F5858013C08CC403A,182DABDE956B19
8D8013F19914319E18081CAF7832,182E284B43361E
8D8013F1EA1F5858013C08CC403A,182E4E11897815
8D8013F1585580789C9A2F66EB84,182E64B7FD3713
8D8013F19914319E10041B76501E,182E6550D27616
8D8013F1F82300020049BC05CD5E,182EB732B3E614
8D8013F19914319E10041B76501E,182EDEC2C94019
8D8013F158558431F21C08B0E88C,182EE71B01711C
8D8013F1EA1F5858013C08CC403A,182EEEDAE4421E
8D8013F1E1021F0000000021B5E8,182F0EAB97751D
8D8013F19914319E10081B3E0A1E,182F1C60BA241B
8D8013F19914319E10041B76501E,182F58CD6A9F1C
8D8013F1585584318E1BFED47B8E,182F6D119C8A18
8D8013F1EA1F5858013C08CC403A,182F92D7D71318
8D8013F158558431601BF94C70F2,182FAEDBD13333
8D8013F19914329DF0041CD5184B,182FDE2B648913
8D8013F12218C1F2C7182057DEA3,18300A80446914
8D8013F19914329E10081B3B154C,183027B5546619
8D8013F1EA1F5858013C08CC403A,18303270291F16
8D8013F1585580771C9A08011295,18305FF5CCB527
8D8013F19914329E10041C8C9F68,183068E6D3EB1D
8D8013F158558077049A06B2A0CC,1830818FF22B1B
8D8013F19914329E10041B734F4C,1830A8E729EB1B
8D8013F1EA1F5858013C08CC403A,1830D79E77821B
8D8013F19914319E10041B76501E,1830E68541C016
8D8013F158558430641BE0AFB818,183103F2FB6639
8D8013F19914319E10041B76501E,1831238A97CE18
8D8013F1F82300020049BC05CD5E,18314786E08410
8D8013F1EA1F5858013C08CC403A,18317309F35C18
8D8013F1E1021F0000000021B5E8,1831819131DF11
8D8013F1585580763A99F254B456,18318D7D033117
8D8013F19914319E10041B76501E,1831A38B634C14
8D8013F15855842FCA1BD1706B70,1831CFDFB5921C
8D8013F19914319E10041B76501E,1831DBCB97EB18
8D8013F158558075D899E8161758,18320E1676B317
8D8013F19914319E10041B76501E,18321B333B181E
8D8013F158558075A899E3FB4F4D,18324D7DE8AF17
8D8013F15855842F3C1BC25B5EFA,18328FE0A26319
8D8013F1EA1F5858013C08CC403A,1832B3A419E21D
8D8013F1585580754299D9AA880E,1832D1AB14A123
8D8013F15855842EDC1BB9A81909,18330EB0BB311B
8D8013F19914319E18081B50A816,1833242564B61B
8D8013F158558074E699D0E6D8B8,18334E17C59924
8D8013F1EA1F5858013C08CC403A,183355D7937B22
8D8013F19914319E18041B18F216,18336B4CD0F321
8D8013F158558074BA99CCE83F74,183386F0FFBE21
8D8013F1585580748A99C78F9F33,1833C6F147D32E
8D8013F19914319E38041B5D8E3F,1833C9EC4B3F11
8D8013F1F82300020049BC05CD5E,1833D1AC82D727
8D8013F1585580747699C52EB4E2,1833DF61813530
8D8013F19914319E38081B15D43F,1833E1C3FA8532
8D8013F1E1021F0000000021B5E8,1833F1DBE11927
8D8013F1EA1F5858013C08CC403A,1833F7394B082A
8D8013F15855842E261BA72563DC,183402C5F8322F
8D8013F19914319E38081B15D43F,1834095405022D
8D8013F15855842E141BA5A6EF7C,18341CFFB29D2E
8D8013F19914319E38041B5D8E3F,18342BE64A3228
8D8013F15855842DFC1BA391EE7A,1834399BF43228
8D8013F1EA1F5858013C08CC403A,18344CE7D4E218
8D8013F19914329E38081B10CB6D,18346BE6A5DF23
8D8013F15855842DCC1B9EF74B78,1834786B57D923
8D8013F1EA1F5858013C08CC403A,18349A0539BE2B
8D8013F15855842DB41B9C8B3500,18349D00169616
8D8013F19914329E38041B58916D,1834AA1D20C02D
8D8013F158558073D099B4839158,1834B7D2AC6A2B
8D8013F19914329E38041B58916D,1834CB1F254316
8D8013F15855842D841B97EC9547,1834DA9E645036
8D8013F1EA1F5858013C08CC403A,1834EAB5FCE41C
8D8013F1F82300020049BC05CD5E,183512DF135F2C
8D8013F12218C1F2C7182057DEA3,183517A3CB182D
8D8013F19914329E30041B363365,183530AC392331
8D8013F1E1021F0000000021B5E8,1835390490A42F
8D8013F15855842D3C1B900FDBFF,1835399D830F2E
8D8013F1EA1F5858013C08CC403A,18353B673CBC2D
8D8013F19914329E30041B363365,18354D81B23A15
8D8013F19914329E38041B58916D,18356D19062F24
8D8013F19914329E30041B363365,1835B571F1261E
8D8013F1585580730499A009A05D,1835C824F83218
8D8013F1EA1F5858013C08CC403A,1835DF6404A419
8D8013F19914329E30041B363365,1835F6A329ED1C
8D8013F15855842CA81B81DB23C4,183603F925091B
8D8013F19914329E30081B7E6965,18362F7CD8B518
8D8013F19914329E30081B7E6965,183668EE287218
8D8013F1E1021F0000000021B5E8,18368230149D15
8D8013F1EA1F5858013C08CC403A,183682C8F84318
8D8013F15855807246998D4D703D,1836C230604C16
8D8013F19914329E30041B363365,1837212F5B763D
8D8013F1EA1F5858013C08CC403A,18372260983519
8D8013F15855842BC21B6A4883E2,1837331111CF1F
8D8013F19914329E30041CC9E341,1837655C395814
8D8013F15855842B921B65E09FE8,18377442982A17
8D8013F1F82300020049BC05CD5E,183797A76B031E
8D8013F12218C1F2C7182057DEA3,18379B3A2B961D
8D8013F15855842B621B60E79711,1837B311B8EC1B
8D8013F1EA1F5858013C08CC403A,1837C362DF401B
8D8013F19914329E38041CA74149,1837EBEAE69E21
8D8013F19914329E30041B363365,1838242B94A317
8D8013F1EA1F5858013C08CC403A,1838642BEC0A12
8D8013F19914329E58041B971516,18386989E0761E
8D8013F158558070F2996B5A8736,18387B6B468C18
8D8013F19914329E50041BF9B71E,1838AB53735019
8D8013F15855842A9A1B4C5B8566,1838C36424A11D
8D8013F1E1021F0000000021B5E8,1838F27B2A4216
8D8013F1585580708C99610A70A4,1839065F4EED32
8D8013F1EA1F5858013C08CC403A,18390829131939
8D8013F19914329E58041B971516,1839298AC14039
8D8013F19914329E58081BDF4F16,1839E728C3E732
8D8013F15855806FA6994A087ACA,183A30B27FD416
8D8013F1EA1F5858013C08CC403A,183A4792488F43
8D8013F158558429521B2C2B9EB4,183A73ADC1903B
8D8013F19914329E58041B971516,183A908330D313
8D8013F1EA1F5858013C08CC403A,183A94AFACEE2D
8D8013F158558429221B27C6C6A1,183AB446C5AF16
8D8013F19914329E50081BB1ED1E,183AC661746D3B
8D8013F15855806F0E993ACB024E,183AF6A98CE04E
8D8013F19914329E50041BF9B71E,183B1083C85119
8D8013F15855806EDE99365D0FA8,183B37424D7D18
8D8013F19914329E50041BF9B71E,183B524DF0571D
8D8013F1F82300020049BC05CD5E,183B61CD3EF523
8D8013F1E1021F0000000021B5E8,183B68F4644528
8D8013F1585584288A1B172DC016,183B83675CD921
8D8013F1EA1F5858013C08CC403A,183B88C517A724
8D8013F19914329E50081BB1ED1E,183B9549251423
8D8013F15855806E72992B54D8AB,183BC793DDE526
8D8013F19914329E58041B971516,183BD71343A428
8D8013F15855806E5E9929484B95,183BDF6B72CD14
8D8013F15855806E469926040DC5,183C0236FF9C24
8D8013F19914329E50081BB1ED1E,183C1975E9C127
8D8013F1EA1F5858013C08CC403A,183C272B86FF29
8D8013F15855806E169921AC61A3,183C419EA7EA28
8D8013F19914329E58041B971516,183C5F6C125926
8D8013F15855806DF8991E493C2E,183C6430F6BF35
8D8013F1EA1F5858013C08CC403A,183C7612D2443F
8D8013F15855806DE0991CFAC62D,183C8794C6032A
8D8013F12218C1F2C7182057DEA3,183C9419322A28
8D8013F1F82300020049BC05CD5E,183C9B404EB129
8D8013F19914329E50041BF9B71E,183CA1CED48925
8D8013F1E1021F0000000021B5E8,183CAABFAB7735
8D8013F15855806DB499189A135D,183CC237CF0226
8D8013F1EA1F5858013C08CC403A,183CC7951F9C25
8D8013F19914329E58041B971516,183CDD0AC5542A
8D8013F19914329E50041BF9B71E,183D1C721B1D29
8D8013F15855806D6699103C735C,183D2399AEC819
8D8013F19914329E50081BB1ED1E,183D37DD658836
8D8013F1EA1F5858013C08CC403A,183D64CAF4FD2D
8D8013F15855806D1C99085B2909,183D85CC9AC62B
8D8013F19914329E50041BF9B71E,183D9BDA257126
8D8013F15855806CE69903028268,183DCCF3B3F22C
8D8013F19914329E58041B971516,183DD54C03C227
8D8013F1EA1F5858013C08CC403A,183E036A8BD926
8D8013F15855806CB098FE8DD2B7,183E125159B127
8D8013F19914329E58041B971516,183E3281B88B13
8D8013F19914329E58041B971516,183E512075D020
8D8013F19914329E58081BDF4F16,183E90883A9F1B
8D8013F1EA1F5858013C08CC403A,183EA0A07BF61B
8D8013F15855806C2898F0D46443,183EC66681361B
8D8013F19914329E50041BF9B71E,183ED7AFE4CF1C
8D8013F12218C1F2C7182057DEA3,183F0EBF5A991F
8D8013F1F82300020049BC05CD5E,183F1DA6254519
8D8013F15855806BCA98E6397A5B,183F3B73AC731F
8D8013F1EA1F5858013C08CC403A,183F4071531B1F
8D8013F19914329E50041BF9B71E,183F52EB782918
8D8013F15855806B9E98E259AF2B,183F77E031E638
8D8013F19914329E58081C209F32,183F938466CB1F
8D8013F15855806B8298DF23850C,183F9DA6B9C417
8D8013F15855806B6898DD73134B,183FC10ABFB825
8D8013F1F82300020049BC05CD5E,183FC36CB7B218
8D8013F19914329E58081C209F32,183FD2539F2D23
8D8013F1EA1F5858013C08CC403A,183FDBDCF3371D
8D8013F19914329E58081C209F32,183FF152415937
8D8013F15855806B3898D8DB6336,1840023BE04421
8D8013F19914329E78041BD2693F,1840154EBF7726
8D8013F1F82300020049BC05CD5E,1840613AE99711
8D8013F1EA1F5858013C08CC403A,184079128A4713
8D8013F1E1021F0000000021B5E8,184079AB2DF641
8D8013F15855806AD698CE9781C8,1840823C8A7E13
8D8013F19914329E70041BBCCB37,184098E2F00516
8D8013F19914329E70081C0B4113,1840D680DD1132
8D8013F19914329E50041BF9B71E,18425256AA0B11
8D8013F1EA1F5858013C08CC403A,18425A167F401B
8D8013F19914329E50041C06673A,18429388262518
8D8013F1EA1F5858013C08CC403A,1842FB78619619
8D8013F19914329E50041BF9B71E,184331EEFFEF3A
8D8013F19914329E58041B971516,1843908E5FBE1B
8D8013F1EA1F5858013C08CC403A,18439F75327811
8D8013F19914329E58041B971516,1843D1C0409D19
8D8013F15855806838988B5BEF69,1843EB61569D3E
8D8013F12218C1F2C7182057DEA3,18441684F5291C
8D8013F19914329E70041BBCCB37,18444EC63A7D30
8D8013F19914329E70081BF49137,184494BC45A91C
8D8013F19914329E70081BF49137,1844CCFC6AD717
8D8013F1EA1F5858013C08CC403A,1844DAB25EC117
8D8013F19914329E70081C0B4113,18455D14FADB14
8D8013F1585580670C986D820A41,18457027EC2E34
8D8013F1E1021F0000000021B5E8,184574EC972535
8D8013F1EA1F5858013C08CC403A,18457B7B7D1F1B
8D8013F19914329E78041C2DB91B,1845E69F9AAF15
8D8013F19914329E70041BBCCB37,1846299AAC821E
8D8013F1585580667A985F96F38C,18463028D22918
8D8013F19914329E78081C65E31B,1846643D57C121
8D8013F12218C1F2C7182057DEA3,18468CFEA5F21E
8D8013F1F82300020049BC05CD5E,184692F489D11F
8D8013F1585580662298565069A3,1846A6076C3021
8D8013F19914329E78041C2DB91B,1846A99B4CD91E
8D8013F1EA1F5858013C08CC403A,1846B587188D1C
8D8013F19914329E78041C2DB91B,1846E738F0581D
8D8013F158558065EC9851F11903,1846EA33D8E921
8D8013F158558065BA984C75004C,18472BFE4E4411
8D8013F19914329E78041BD2693F,18472C96E83F31
8D8013F1EA1F5858013C08CC403A,18475557CFB732
8D8013F1585580658E984725F10F,184766085A683C
8D8013F19914329E78041BD2693F,1847728D1C7F2C
8D8013F19914329E78081C65E31B,1847B325B16913
8D8013F1E1021F0000000021B5E8,184805DA0E5118
8D8013F158558064F698388F6C7F,1848299D261D16
8D8013F19914329E70041C431B13,184842463DD53E
8D8013F158558064C49833F364BA,1848699D7E0117
8D8013F19914329E78041C2DB91B,184881ADE1ED21
8D8013F1EA1F5858013C08CC403A,18489428975443
8D8013F15855806494982E5B8473,1848AACF017E3A
8D8013F19914329E70041C431B13,1848C70B7F5F20
8D8013F19914329E70041C431B13,184907A466221E
8D8013F1EA1F5858013C08CC403A,1849302C8DF822
8D8013F19914329E78041C2DB91B,18494C69651623
8D8013F19914329E70041C431B13,18499095DA891E
8D8013F158558063D0981BCB32CB,1849AACFE6DD22
8D8013F19914329E78041C2DB91B,1849CA080B4F25
8D8013F1EA1F5858013C08CC403A,1849D68C15CF26
8D8013F1585580639E9816FC2D44,1849EA37A51432
8D8013F19914329E70041C431B13,184A0AA09E642D
8D8013F15855841D8419FE32E786,184A2906AF1228
8D8013F12218C1F2C7182057DEA3,184A4674EB081C
8D8013F15855841D6C19FC79D943,184A4B398DB319
8D8013F19914329E70041C431B13,184A4C6AA94E28
8D8013F1F82300020049BC05CD5E,184A5096CD3631
8D8013F15855806342980DE71E01,184A657380A22E
8D8013F1EA1F5858013C08CC403A,184A758BC71931
8D8013F1E1021F0000000021B5E8,184A8B39F1102C
8D8013F19914329E70041C431B13,184A8FFE86CA2D
8D8013F1585580630C98072FD1AA,184AAC0253232B
8D8013F19914329E70041C431B13,184AD261301324
8D8013F15855841CEE19EF5C80F5,184AEE64F31522
8D8013F19914329E70041C431B13,184B1392B46A2B
8D8013F1EA1F5858013C08CC403A,184B1988A0572B
8D8013F19914329E70041C431B13,184B483FCBDF27
8D8013F1585580628C97FBB18846,184B5261E0A629
8D8013F19914329E78041C2DB91B,184B8A09CD912E
8D8013F12218C1F2C7182057DEA3,184B8E368DBA2C
8D8013F1F82300020049BC05CD5E,184B8ECF1E0F24
8D8013F1585580624697F45BDE7B,184BAC038F9B2A
8D8013F1EA1F5858013C08CC403A,184BB88856942A
8D8013F15855841C4A19DFC5881D,184BC8D97E1017
8D8013F1E1021F0000000021B5E8,184BCF678C8519
8D8013F19914329E70081BF49137,184BFAEAA66230
8D8013F19914329E70041C431B13,184C1BEC33351D
8D8013F15855841C0219D8DE0263,184C273F7BF130
8D8013F19914329E78041C2DB91B,184C37575DD332
8D8013F158558061CC97E8B87F2B,184C4E3701A11C
8D8013F1EA1F5858013C08CC403A,184C568F32ED2C
8D8013F19914329E70041BBCCB37,184C5ABBB11B15
8D8013F19914329E70041BBCCB37,184C7AEB444830
8D8013F158558061A097E3D19022,184C87101E6B1C
8D8013F1EA1F5858013C08CC403A,184CA4DDBD1837
8D8013F15855841BA019CEB9E429,184CA7D8A9042D
8D8013F19914329E70081C0B4113,184CB88991B429
8D8013F19914329E70041C431B13,184CD68FF33037
8D8013F19914329E70041C431B13,184CF4F607F52D
8D8013F1EA1F5858013C08CC403A,184CF58EED5021
8D8013F15855841B4019C563FC81,184D2871ECCC28
8D8013F19914329E70041C431B13,184D424C9FBE2C
8D8013F15855841B2419C264F9DA,184D5001EC6B16
8D8013F19914329E78081C65E31B,184D87AA08B330
8D8013F1EA1F5858013C08CC403A,184D98F322C02E
8D8013F19914329E70041C431B13,184DA5778AC018
8D8013F1585580609C97C93A0B83,184DD85AC95818
8D8013F19914329E78041C2DB91B,184DE14BC1F817
8D8013F1585580608497C789B9DA,184DF7F2594D2B
8D8013F19914329E78081C65E31B,184E0548491E29
8D8013F12218C1F2C7182057DEA3,184E11CD059829
8D8013F1F82300020049BC05CD5E,184E142F340425
8D8013F1585580606697C448799C,184E1EE9935D34
8D8013F1EA1F5858013C08CC403A,184E31FD0F6C25
8D8013F19914329E70081C0B4113,184E437EDE1E28
8D8013F1E1021F0000000021B5E8,184E4BD76E722C
8D8013F19914329E98041C0839CD,184E7B86AF8420
8D8013F1EA1F5858013C08CC403A,184E82E6D4BB30
8D8013F1EA1F5858013C08CC403A,184ED135086A27
8D8013F19914329E98041BF7E9E9,184F332F169026
8D8013F15855805F8897AE61CF3F,184F411DA6B52B
8D8013F19914329E98041C0839CD,184F572BA14031
8D8013F1F82300020049BC05CD5E,184F598DE2E633
8D8013F15855805F6A97ABA02B54,184F644882561F
8D8013F19914329E90041C669BC5,184F6F9C1B7446
8D8013F1EA1F5858013C08CC403A,184F703470F435
8D8013F15855805F5297A956AD7E,184F8713DFC82B
8D8013F19914329E98041BF7E9E9,184F95FAB21535
8D8013F15855805F3497A64A70CB,184FAA3EC6C331
8D8013F19914329E98041C0839CD,184FB5924FA533
8D8013F158558419441992FFE4BF,184FC8DE4E9B38
8D8013F19914329E98081C4063CD,184FD399053D19
8D8013F15855805F0497A12D98D6,184FEAD7A4103A
8D8013F19914329E98081C4063CD,184FF4F9BA9C32
8D8013F1F82300020049BC05CD5E,184FF75C2BFD1E
8D8013F15855841910198D604969,185011368E8D2F
8D8013F1EA1F5858013C08CC403A,18501267C5FD31
8D8013F158558418F2198A8A4C4A,18503461670118
8D8013F19914329E98081C4063CD,185042E915932E
8D8013F19914329E98041C0839CD,18505E54480135
8D8013F15855805E989796962778,185075933B6D12
8D8013F12218C1F2C7182057DEA3,185087154BBC2F
8D8013F1F82300020049BC05CD5E,185095FBF65C2C
8D8013F158558418AA19834CD665,1850972D092D31
8D8013F1E1021F0000000021B5E8,1850D5FC41CD15
8D8013F15855841874197E492D9F,1850DAC1494C2B
8D8013F19914329E90041C669BC5,185101B867782E
8D8013F15855805E1C978A4BDA53,18511990115F30
8D8013F19914329E98041BF7E9E9,18511D239F061B
8D8013F19914329E90041C669BC5,18513A58AF042C
8D8013F19914329E98041C0839CD,18515EEDC6BE17
8D8013F15855805DE69784BA47AB,18515F8656682B
8D8013F19914329E98041C0839CD,18517B8A6CE928
8D8013F158558417F6197134CDD0,1851841BA14930
8D8013F1EA1F5858013C08CC403A,1851A3B31C0F14
8D8013F19914329E90081C2EC1C5,1851BA592FFB25
8D8013F12218C1F2C7182057DEA3,1851CDA5485519
8D8013F1F82300020049BC05CD5E,1851D72EA79B2B
8D8013F15855805D7E977AE65597,1851E57CD5EA26
8D8013F19914329E98041C0839CD,1851F29A56CA1F
8D8013F1EA1F5858013C08CC403A,1851F4FC4C1521
8D8013F1E1021F0000000021B5E8,185220B8E92220
8D8013F15855805D4E977581CDE6,185223B3B75526
8D8013F19914329E90041C669BC5,1852320192741F
8D8013F1585584174C1960CCEF1F,1852631B26B126
8D8013F19914329E90081C2EC1C5,18527464572423
8D8013F19914329E98081C4063CD,1852972FA5B211
8D8013F1EA1F5858013C08CC403A,185298F9615221
8D8013F15855805CEA976B32ADAC,1852A57DC2FA1F
8D8013F19914329E98041C0839CD,1852B3336AB721
8D8013F158558416E819567E3E89,1852E747E4C629
8D8013F19914329E98041C0839CD,1852F7F8D6FB30
8D8013F158558416D0195488B8A3,18530A13256936
8D8013F12218C1F2C7182057DEA3,18530E3F6AF32A
8D8013F1F82300020049BC05CD5E,185314CE31BC2F
8D8013F15855805C889761E6ED22,1853244D31BD2C
8D8013F1EA1F5858013C08CC403A,185333CCB63F2F
8D8013F19914329E90041C669BC5,18533AF3AA3F36
8D8013F1E1021F0000000021B5E8,18535EF0322123
8D8013F19914329E98041BF7E9E9,185361EB2EC639
8D8013F15855805C58975D5A3CFF,185363B540B433
8D8013F1EA1F5858013C08CC403A,1853841DF52B36
8D8013F19914329E90081BD111E1,18538680476B33
8D8013F15855841660194905D8BC,18539C8E35443C
8D8013F15855805C1297565A5659,1853C1BBDC7A18
8D8013F19914329E90041C669BC5,1853C2547BB530
8D8013F19914329E98041C0839CD,1853E0BB1BC231
8D8013F1585584161C1942B173A5,1853F4FEDBF742
8D8013F19914329E90041C669BC5,1853F892944834
8D8013F15855805BCE974F928BBE,18541862A16733
8D8013F12218C1F2C7182057DEA3,1854500AB4F433
8D8013F1F82300020049BC05CD5E,1854513BD2F031
8D8013F15855805BA2974AFB30F6,1854539E33E62D
8D8013F1EA1F5858013C08CC403A,18547630876E2B
8D8013F15855805B709745A280D3,1854926D76F52D
8D8013F1E1021F0000000021B5E8,18549D280AAD2C
8D8013F19914329E90041B994BE1,1854C550BC1527
8D8013F15855805B3E97416A1B39,1854D1D572F128
8D8013F19914329E98041C0839CD,185506822BAC2B
8D8013F15855805B12973C8B8A47,18550E41D2EB1C
8D8013F1EA1F5858013C08CC403A,18551568F4D128
8D8013F19914329E90041B994BE1,1855884CA02C1C
8D8013F12218C1F2C7182057DEA3,18558AAEF10515
8D8013F1F82300020049BC05CD5E,185590A4E82C17
8D8013F1EA1F5858013C08CC403A,1855B3CFCB0138
8D8013F158558414AC191D687667,1855DD29F28819
8D8013F15855805A449728DBEA3E,185618FDB76E1C
8D8013F19914329E90041B994BE1,1856C8E712A032
8D8013F1F82300020049BC05CD5E,1856CAB0A90511
8D8013F19914329E98081BBFB3E9,18570258856613
8D8013F158558413C41906E5DA0B,1857100E28411C
8D8013F19914329E90041B994BE1,185737FDB01213
8D8013F158558059589710220BD3,18574C7AEB5A37
8D8013F19914329E98081BBFB3E9,1857808F7C3D37
8D8013F15855805926970B8DE890,18578DAC60BD16
8D8013F1EA1F5858013C08CC403A,18579998220233
8D8013F19914329E90041B994BE1,1857C38ABBD718
8D8013F158558058F69706E4117F,1857CC7BE58924
8D8013F19914329E90041B994BE1,1858071E7D6F25
8D8013F1F82300020049BC05CD5E,1858084FA67726
8D8013F1585584130818F328B08F,18580A1979B62A
8D8013F12218C1F2C7182057DEA3,185811D97D8D21
8D8013F1EA1F5858013C08CC403A,185839C8C3B128
8D8013F19914329E70041BBCCB37,18583AFA032F23
8D8013F1585580588E96FC93B623,185852720F5927
8D8013F19914329E78041BD2693F,185884BCC7BD1C
8D8013F1585584129E18E9187848,185894D50B081B
8D8013F19914329E78041BD2693F,1858C686D2B61B
8D8013F1585580582696F25238EE,1858D868931218
8D8013F1EA1F5858013C08CC403A,1858DA32494319
8D8013F19914329E70081BF49137,185908E9DD8831
8D8013F1585584123818DF9AFC0F,18591B63EC8D13
8D8013F19914329E78041BD2693F,185944BDB52A16
8D8013F158558057CA96E85D2BB3,185953A4722A10
8D8013F19914329E70081BF49137,18598EE06A0A33
8D8013F1585584118018CC056DAC,185A0F794D9142
8D8013F1585584115418C88FBC71,185A4A1CA07A30
8D8013F19914329E78041BD2693F,185A70420E2F37
8D8013F1F82300020049BC05CD5E,185A8B4E082116
8D8013F158558056D896D0B16B76,185A8D1782C11C
8D8013F12218C1F2C7182057DEA3,185A9274CF7323
8D8013F19914329E78041BD2693F,185AA7519ACC1D
8D8013F1EA1F5858013C08CC403A,185AB20C4F4B22
8D8013F19914329E78041BD2693F,185AC558500635
8D8013F158558056A896CB5CD3BB,185ACDB06D3D20
8D8013F158558410BE18B9099D7F,185B1013103C23
8D8013F19914329E78041BD2693F,185B275254F524
8D8013F1585584108E18B46E1915,185B50AC0D7524
8D8013F1EA1F5858013C08CC403A,185B51DDB5EF22
8D8013F19914329E78041BD2693F,185B691C415924
8D8013F1585580560A96BC157191,185B986BFCF822
8D8013F1F82300020049BC05CD5E,185BCAB7187B21
8D8013F1585584102418AAB4DF82,185BDC9886CF20
8D8013F1EA1F5858013C08CC403A,185BED4903C41B
8D8013F19914329E78041BD2693F,185BEDE2088E12
8D8013F1E1021F0000000021B5E8,185BEE7A5BEB13
8D8013F15855840FF818A563112A,185C173B733D37
8D8013F19914329E78041BD2693F,185C30444DCE31
8D8013F15855840F94189BF41374,185C9C997F872E
8D8013F1F82300020049BC05CD5E,185D1441B78435
8D8013F158558054E4969E248DC4,185D186DEACE35
8D8013F19914329E78041BD2693F,185D33D9193519
8D8013F158558054AE969924AF38,185D5EFCAA7334
8D8013F19914329E70041BBCCB37,185D6FAD8F2B12
8D8013F15855840E9E1883AA7419,185DE1F8461835
8D8013F19914329E78041BD2693F,185DECB366EC35
8D8013F15855840E68187E8451C2,185E2755E81E2E
8D8013F19914329E70041BBCCB37,185E2F15C8113C
8D8013F1F82300020049BC05CD5E,185E55747E001B
8D8013F19914329E78041BD2693F,185E68879B4634
8D8013F1F82300020049BC05CD5E,185F95760E5516
8D8013F12218C1F2C7182057DEA3,185F9DCEA56F1D
8D8013F19914329E70041BBCCB37,185FAAEB515B18
8D8013F1EA1F5858013C08CC403A,185FB0E136721B
8D8013F15855840D24185E2A9CD9,185FD60EE5E51B
8D8013F19914329E78041BD2693F,185FE9BAC9E222
8D8013F158558052B09666B9BBCC,185FF5A6969032
8D8013F15855840CF41859430941,18601740CC131C
8D8013F19914329E70041BBCCB37,18602CB633F717
8D8013F1EA1F5858013C08CC403A,1860514ADCDB18
8D8013F19914329E78081B9A333F,1860B049FEF519
8D8013F1E1021F0000000021B5E8,1860CC86C2F81D
8D8013F1F82300020049BC05CD5E,1860D315465F1B
8D8013F19914329E70041BBCCB37,1860EDE7D84A1B
8D8013F1EA1F5858013C08CC403A,1860F0E2CE771C
8D8013F19914329E78041BD2693F,1861350F3A551D
8D8013F158558051A0964C1955EE,18615A3CEDFF44
8D8013F19914329E78041BD2693F,186170E391E616
8D8013F1585580516A96460CCFEC,18619E69693F3A
8D8013F15855840B981836FB6E17,1861E1FD3FC61C
8D8013F19914329E70041BBCCB37,1861EFB32C5D15
8D8013F19914329E70041BBCCB37,18622A55E51940
8D8013F158558050E296395E965A,1862527E855A3F
8D8013F19914329E70041BBCCB37,186269BE117B19
8D8013F15855840B1C182A26933C,18628ABF335F1B
8D8013F19914329E70041BBCCB37,1862AAEF09621C
8D8013F1EA1F5858013C08CC403A,1862CC8939D41C
8D8013F19914329E70041BBCCB37,1862F3E03D361C
8D8013F15855805062962C4BBE10,1862F773C2131D
8D8013F19914329E78041BD2693F,18633216C13E1D
8D8013F158558050309627F832AE,186336DB8F9C1C
8D8013F19914329E70081BF49137,18634E5406B533
8D8013F1F82300020049BC05CD5E,1863514EC1501E
8D8013F1E1021F0000000021B5E8,1863633080F021
8D8013F1EA1F5858013C08CC403A,1863662B403F1F
8D8013F19914329E70081BF49137,18636D525A1622
8D8013F15855840A5E18189D03CC,186384CA74981B
8D8013F19914329E70041BBCCB37,1863901DF22036
8D8013F19914329E70081BF49137,1863A88DEC1821
8D8013F15855804FCA961DB894FE,1863C26888C31C
8D8013F19914329E78041BD2693F,1863E9BFC47B1D
8D8013F158558409FE180E4EB848,186404CB16F226
8D8013F1EA1F5858013C08CC403A,18640563BCD423
8D8013F15855804F7C9615E62180,18642462725A14
8D8013F19914329E70041BBCCB37,18642DEBDE8021
8D8013F19914329E70041BBCCB37,1864675DC30B1D
8D8013F158558409981804ADA9C2,18648A29114A29
8D8013F1F82300020049BC05CD5E,1864901EF3B124
8D8013F12218C1F2C7182057DEA3,18649D3BFFCF21
8D8013F1EA1F5858013C08CC403A,18649E6D28D725
8D8013F15855804ECA96046C0D10,18650DBD340D1B
8D8013F1EA1F5858013C08CC403A,186540084D0018
8D8013F19914329E78081C65E31B,1866813AB33B18
8D8013F1EA1F5858013C08CC403A,18668304CF4B17
8D8013F1585584081C17DE0544B7,18668435A42834
8D8013F158558407F017DA0AE373,1866BB0C1F8A16
8D8013F19914329E70081BF49137,1866C6985D501F
8D8013F158558407BA17D50AB1E3,1867039DA2D413
8D8013F19914329E78081B9A333F,18670436430819
8D8013F1F82300020049BC05CD5E,18670862605911
8D8013F12218C1F2C7182057DEA3,1867187A567E19
8D8013F1EA1F5858013C08CC403A,1867229C76231C
8D8013F1585584078A17D06D45E5,18674567C1B325
8D8013F19914329E70041BBCCB37,18674993F1151B
8D8013F1585584075E17CCE7048C,18677B0CF8071B
8D8013F19914329E78081B9A333F,18678F8A11AE37
8D8013F15855804CB895CFDB9401,1867C26D68CF17
8D8013F19914329E78041BD2693F,1867D0230A3416
8D8013F19914319E70081BF18E65,186819ACB60313
8D8013F158558406CA17BD31BE67,1868430703AF3C
8D8013F1F82300020049BC05CD5E,18684AC653C617
8D8013F19914319E90041B9C54B3,18685ADEBF5932
8D8013F1E1021F0000000021B5E8,18687053F7921E
8D8013F1585584069817B97D9291,1868830772961C
8D8013F19914309E90081BD7047D,18689A45F4E818
8D8013F1EA1F5858013C08CC403A,1868B5B1893D38
8D8013F199142F9E90081BF6CA87,1868DFA3A45C3D
8D8013F1EA1F5858013C08CC403A,186907CC45591B
8D8013F15855804BBC95B73DE5D8,186908650C2018
8D8013F15855804B5A95AF340C3C,186987346F9930
8D8013F1F82300020049BC05CD5E,18698996B14E2C
8D8013F12218C1F2C7182057DEA3,186997E538BA39
8D8013F1EA1F5858013C08CC403A,1869A633000234
8D8013F199142A9EB0041BF4CD58,1869E29FCFBE17
8D8013F15855840576179F67ABA1,186A03A1C68531
8D8013F1EA1F5858013C08CC403A,186A456B824530
8D8013F158558404E21794B3DF35,186AC56C17ED14
8D8013F1F82300020049BC05CD5E,186ACE5CF8A019
8D8013F1EA1F5858013C08CC403A,186AE3D29A6017
8D8013F19914259ED0041B2A2B39,186AEAF962BC46
8D8013F1E1021F0000000021B5E8,186AF5B4542419
8D8013F15855804A3095985B8ED2,186B07CEFB701B
8D8013F19914249EF8081B4AA5D6,186B2C2ACF361B
8D8013F1585584047C178D39A0BB,186B4998D7A91E
8D8013F15855840464178B8A628E,186B6766CF1518
8D8013F1F82300020049BC05CD5E,186B6C2B281426
8D8013F15855840450178ADAFFBA,186B83A344B91D
8D8013F1EA1F5858013C08CC403A,186B843BEF3E21
8D8013F19914229EF8081B409B72,186BA33A9BCB3D
8D8013F19914229EF8081B409B72,186BC272636835
8D8013F1585584041E1787EDE035,186BC56D5D0025
8D8013F19914219EF8041B0DDE20,186BDAE305C52B
8D8013F158558403EE1783C6EE7C,186C04D5221D1E
8D8013F1F82300020049BC05CD5E,186C1159B0B124
8D8013F12218C1F2C7182057DEA3,186C174F637D1F
8D8013F19914209EF8041B0ED4EE,186C1880A5AB21
8D8013F1EA1F5858013C08CC403A,186C220A01F31D
8D8013F1585580493C95887E9AF3,186C40A94F331F
8D8013F19914209EF8081B468EEE,186C54EDD37420
8D8013F1585580490A958535E71F,186C80A9A4191F
8D8013F199141F9EF8081B0619D4,186C98813F891F
8D8013F158558048D8958247DA05,186CC142852F1D
8D8013F1EA1F5858013C08CC403A,186CC56EA85C22
8D8013F199141F9F10041B2E9C59,186CD61F1DFE21
8D8013F158558048A6957FED597B,186D00AA55A61D
8D8013F199141F9F18081B086451,186D128BF1A222
8D8013F15855804874957CB4A104,186D41DBBFBF20
8D8013F1F82300020049BC05CD5E,186D588234D624
8D8013F199141E9F10041B2D9697,186D5B7D11DE20
8D8013F1EA1F5858013C08CC403A,186D6041DE4821
8D8013F1E1021F0000000021B5E8,186D80AADC1C1E
8D8013F1585580483C9579AF3761,186D886A860B20
8D8013F199141E9F18041B43349F,186DA0DB0DAC1D
8D8013F199141E9F10041B2D9697,186DDD47799D20
8D8013F1EA1F5858013C08CC403A,186E001333D53B
8D8013F1585584025A176C529AE7,186E115BF05021
8D8013F199141D9F18041B462BCD,186E1E790CC91B
8D8013F1585584023C176AB1C337,186E33EE480F32
8D8013F199141D9F10081B60D3C5,186E5C17012717
8D8013F1585580476A956DA74663,186E93BEF4AA36
8D8013F1F82300020049BC05CD5E,186E9457AAC71E
8D8013F199141D9F10041B2889C5,186E9883B9731F
8D8013F1EA1F5858013C08CC403A,186E9FAAD2501C
8D8013F15855804738956A148287,186ED457EA321F
8D8013F199141C9F10081B63D90B,186ED7EBC0AA42
8D8013F199141C9F10041B2B830B,186F11F62FAE20
8D8013F1585584019017603B233D,186F1621E4711E
8D8013F1EA1F5858013C08CC403A,186F4276DE9023
8D8013F199141C9F18041B452103,186F4F93BD8220
8D8013F15855840160175EC292D2,186F562239C518
8D8013F199141C9F10041B2B830B,186F8C00DD031E
8D8013F1585584012A175BC2AC35,186F9C187C6D24
8D8013F1F82300020049BC05CD5E,186FCEFC23E122
8D8013F199141B9F18041B4C1569,186FD1F71E7319
8D8013F1EA1F5858013C08CC403A,186FDCB1616B20
8D8013F15855804666955FD4754F,186FDDE2E9AA1D
8D8013F1E1021F0000000021B5E8,18700EFC745327
8D8013F199141B9F18041B4C1569,1870115E81C923
8D8013F199141B9F18041B4C1569,18705AE8944122
8D8013F158558045F89559DD4DA4,18706A67A2D81D
8D8013F1EA1F5858013C08CC403A,18708016539320
8D8013F199141B9F10041B22B761,18709C19CB5421
8D8013F158558045C69556F88E5B,1870AC31B6AB25
8D8013F1F82300020049BC05CD5E,1871191F840424
8D8013F12218C1F2C7182057DEA3,18711E7CC44322
8D8013F1585587FFF2174B8D4A87,18712E94ACEB24
8D8013F1585580450C954D120088,187199200CBC36
8D8013F158558044F4954C506F1C,1871B81EC7142B
8D8013F1F82300020049BC05CD5E,1871B8B7E2A335
8D8013F1EA1F5858013C08CC403A,1871BB19AB6F2B
8D8013F1585587FF5417430EBBE9,1871FA816C6527
8D8013F1EA1F5858013C08CC403A,18720F97512938
8D8013F1585587FF42174200F276,187216BE51CB1C
8D8013F1585587FF2417411C6799,187238B85BBB34
8D8013F1F82300020049BC05CD5E,187259B9A9FE33
8D8013F12218C1F2C7182057DEA3,18725A5235721C
8D8013F1EA1F5858013C08CC403A,18725D4D2C2B34
8D8013F1585580445C954491C5FC,1872781FB6F232
8D8013F158558044449543DDF3C0,1872992146261D
8D8013F1EA1F5858013C08CC403A,1872ACCD219833
8D8013F1585587FEC2173CC3FDC1,1872BA82793230
8D8013F1EA1F5858013C08CC403A,18730019681625
8D8013F158558043F4953F7ED7BF,187300B1BC9C29
8D8013F1585587FE5E173752D60E,187339526DCF27
8D8013F19914199F18041B4A00F5,187357586A1829
8D8013F1585587FE2E1735400A7E,187378B9DAE815
8D8013F1F82300020049BC05CD5E,187397F1AFF324
8D8013F19914199F18041B4A00F5,18739E7FD29C24
8D8013F1EA1F5858013C08CC403A,18739FB1319919
8D8013F12218C1F2C7182057DEA3,1873A3DD7B4A1E
8D8013F158558043689538EFB42A,1873B192C4CA21
8D8013F19914199F18041B4A00F5,1873DA5414A122
8D8013F158558043369536FA07A7,1873F19310C71F
8D8013F19914199F10041B24A2FD,187414F77E6E20
8D8013F1585587FDA4172E5C7B0A,18742D6737C315
8D8013F1EA1F5858013C08CC403A,187441E4D86C3A
8D8013F19914199F10041B24A2FD,18745F1962701E
8D8013F19914199F10041B24A2FD,18749F19B80327
8D8013F1585587FD46172A626B68,1874A771F11E20
8D8013F1F82300020049BC05CD5E,1874D92421A826
8D8013F19914199F10041B24A2FD,1874DD5027F728
8D8013F1EA1F5858013C08CC403A,1874DF19FFE929
8D8013F1585587FD141727D1C3FB,1874E6DA046B23
8D8013F1E1021F0000000021B5E8,18750D38A19322
8D8013F19914199F10041B24A2FD,18751E81C7871E
8D8013F1585587FCB21722867395,1875680B7A9919
8D8013F1EA1F5858013C08CC403A,18757B1E7AB218
8D8013F19914199F18041B4A00F5,1875A04C219A15
8D8013F1585587FC7C1720A4C8FF,1875AE0280A11E
8D8013F19914199F10041B24A2FD,1875E8A4B3E114
8D8013F158558041A495237E39D9,1875F22E2A491B
8D8013F1EA1F5858013C08CC403A,18761CB929CA12
8D8013F1F82300020049BC05CD5E,18761F1BA1351F
8D8013F12218C1F2C7182057DEA3,187628A4FEF418
8D8013F1585587FC18171BA2A496,18762E02552C1C
8D8013F19914199F18081B025AF5,187662AF741315
8D8013F15855804144951EA52434,18766A6F28431E
8D8013F1585580410E951C5ACAF7,1876AFCD0A0118
8D8013F1EA1F5858013C08CC403A,1876B95635751E
8D8013F19914199F18041B4A00F5,1876E0E69A8618
8D8013F158558040E09519E920C3,1876EC3983CC43
8D8013F19914199F18041B4A00F5,187754627EA11C
8D8013F1F82300020049BC05CD5E,18775B899ED119
8D8013F1585587FB2C171021A76C,1877617F832D13
8D8013F1E1021F0000000021B5E8,18778E6CF91F1C
8D8013F1585587FAFA170E9BAFCF,1877A2B0FB6E1F
8D8013F19914199F10041B24A2FD,1877DB8A3BCD22
8D8013F1585587FACA170BFC5BC9,1877E18046FA21
8D8013F1EA1F5858013C08CC403A,1877FA88DFBF28
8D8013F1585587FAB2170A7FCDA3,1878057C958C31
8D8013F15855803FF0950E782FC4,18781F1E111C25
8D8013F19914199F18041B4A00F5,18781FB6B12120
8D8013F19914199F10041B24A2FD,18783A89565635
8D8013F1585587FA801708FC4103,187844E46F7932
8D8013F1EA1F5858013C08CC403A,18784CA40C6716
8D8013F19914199F10041B24A2FD,187857F7990323
8D8013F19914199F10081B6CF8FD,18789D54E15026
8D8013F12218C1F2C7182057DEA3,18789DEDD41927
8D8013F1EA1F5858013C08CC403A,18789E861DA225
8D8013F1F82300020049BC05CD5E,1878A3E3C3B027
8D8013F15855803F8295098E9709,1878A9D99FFD1B
8D8013F19914199F10041B24A2FD,1878DF1EF0BE26
8D8013F1585587F9FA1701180872,1878ED6D66D427
8D8013F19914199F10041B24A2FD,18792182211922
8D8013F15855803F18950433616D,187930685D6F20
8D8013F1EA1F5858013C08CC403A,18794152255E26
8D8013F19914199F10081B6CF8FD,18795D563A972A
8D8013F1585587F99C16FDF0949D,187968A9083829
8D8013F19914199F18041B4A00F5,187984E5FADC1B
8D8013F19914199F10041B24A2FD,1879A7783A5F27
8D8013F15855803EB894FF43D58C,1879AA73261C2A
8D8013F19914199F10081B6CF8FD,1879C879CF3112
8D8013F1585587F95216F9D20BDA,1879CB74D0B83A
8D8013F1EA1F5858013C08CC403A,1879DC254E492E
8D8013F12218C1F2C7182057DEA3,1879E0EA630732
8D8013F19914199F10081B6CF8FD,1879E51625672A
8D8013F1F82300020049BC05CD5E,1879E5AEC3B72C
8D8013F1585587F93616F8D52AAC,1879ED6E674D31
8D8013F1E1021F0000000021B5E8,187A0748F0312F
8D8013F1585587F92216F7C09FF0,187A0A43F8412F
8D8013F15855803E5A94FA8231E7,187A247DE3502F
8D8013F15855803E2C94F8BC1411,187A5F20CA022F
8D8013F1EA1F5858013C08CC403A,187A7A8C2C4A35
8D8013F1F82300020049BC05CD5E,187A857FDB3131
8D8013F19914199F18041B4A00F5,187A8D3F738C3B
8D8013F1585587F8AC16F14319AD,187AA21C253334
8D8013F1EA1F5858013C08CC403A,187ACADD682936
8D8013F1585587F87A16EFD2EC5D,187AE2B4FEA72F
8D8013F1EA1F5858013C08CC403A,187B1C26E3512D
8D8013F1F82300020049BC05CD5E,187B1E8942142C
8D8013F12218C1F2C7182057DEA3,187B22B552742E
8D8013F15855803D9094F1145819,187B2517BF222A
8D8013F1585587F7FA16E8B4D4FC,187B8ADE5A5936
8D8013F1585587F7DC16E722F11B,187BAD709E702E
8D8013F1EA1F5858013C08CC403A,187BB792AB092A
8D8013F1F82300020049BC05CD5E,187BB9F51DD118
8D8013F15855803CF094E9F0B185,187BF19D0A6E25
8D8013F15855803CDC94E813CAA9,187C0DD9EE6C18
8D8013F15855803CC494E6A078F0,187C2C400AC227
8D8013F12218C1F2C7182057DEA3,187C57FC9A8120
8D8013F1EA1F5858013C08CC403A,187C59C5F8622D
8D8013F15855803C9094E4C089AD,187C6BA7C10A2E
8D8013F1E1021F0000000021B5E8,187C90D597BC31
8D8013F15855803C7294E2FE85D4,187C929F3E2F3D
8D8013F1EA1F5858013C08CC403A,187CA77C011B21
8D8013F15855803C5A94E12AB3E7,187CB19DFA7B2C
8D8013F15855803C2C94DF15FF23,187CEC40FE3A34
8D8013F1EA1F5858013C08CC403A,187CF79450E933
8D8013F1585587F6CC16D9D53D71,187D10D67AC92D
8D8013F1585587F6B416D856AB1B,187D2D72AF8D30
8D8013F1585587F67E16D643092F,187D74015D4030
8D8013F1585587F66416D4EB5BAE,187D9765304C1B
8D8013F1EA1F5858013C08CC403A,187D992F03DA30
8D8013F1F82300020049BC05CD5E,187D9D5B238C2E
8D8013F12218C1F2C7182057DEA3,187DA21FCE842E
8D8013F15855803B9094D7EDB26E,187DAFD5C3192B
8D8013F1E1021F0000000021B5E8,187DC9B0056F18
8D8013F15855803B7894D65964B9,187DD3D1FF1D34
8D8013F15855803B5A94D407AC09,187DF6FCFA1D2D
8D8013F1585587F5FC16CF31C648,187E1C2AAE6314
8D8013F15855803B2294D27BEA47,187E40BFB53528
8D8013F1585587F5CC16CDA9E26A,187E5D5C289816
8D8013F1585587F5B216CBF95DA2,187E78C7BB6621
8D8013F15855803AC894CDFFDDD8,187EB1A080B81D
8D8013F199141B9F38081B413340,187EC4EC7D3D1D
8D8013F1F82300020049BC05CD5E,187ED6CE3F3F27
8D8013F1EA1F5858013C08CC403A,187EDC2BC26321
8D8013F15855803A9694CA15EA30,187EF06F95C323
8D8013F199141B9F38081CBEE364,187F0C14339321
8D8013F1585587F52816C444B7DD,187F2D7502C41F
8D8013F199141B9F38081CBEE364,187F4880A4D321
8D8013F15855803A3694C6BADAEE,187F69E20E4024
8D8013F1F82300020049BC05CD5E,187F72D318F117
8D8013F1EA1F5858013C08CC403A,187F8029045D2C
8D8013F199141B9F38041CF6B964,187F874FB28A24
8D8013F15855803A2294C5AF27E8,187F87E8C4161F
8D8013F15855803A0894C39F7566,187FA64E6E3A1F
8D8013F199141B9F38041CF6B964,187FC7E918702D
8D8013F158558039EA94C222AECE,187FCC1518E229
8D8013F1EA1F5858013C08CC403A,187FD040F59132
8D8013F199141B9F30041C981B6C,187FE2BB47E816
8D8013F158558039D294C0D428E4,187FEB13EB3727
8D8013F1F82300020049BC05CD5E,188010D9D7EE22
8D8013F199141B9F30041C981B6C,188025B687A11B
8D8013F1585580399E94BE05D5F3,18802C4505E82D
8D8013F199141B9F30041C981B6C,188049B3131D2E
8D8013F1E1021F0000000021B5E8,18804FA9154117
8D8013F1585580398094BC9AD676,188052A454BC16
8D8013F1585587F43016B8DE46C4,18806D768A002E
8D8013F1EA1F5858013C08CC403A,1880710A0CEA21
8D8013F199141B9F30041B67CB48,1880891B1E5B28
8D8013F1585587F41E16B726C12B,18808AE48F8532
8D8013F199141B9F30081CD0416C,1880A6E8D8CE32
8D8013F1F82300020049BC05CD5E,1880AF40CD7E12
8D8013F1EA1F5858013C08CC403A,1880C4EF611C2E
8D8013F199141B9F30081CD0416C,1880CD472AA52A
8D8013F1585587F3E616B49CBD4E,1880D0425F233C
8D8013F199141B9F30081CD0416C,1880EB14BE3711
8D8013F1585580390494B647EFA8,1880F1A3401726
8D8013F199141B9F30081CD0416C,18810AE55BBE26
8D8013F1EA1F5858013C08CC403A,1881146E9DA818
8D8013F199141B9F30081CD0416C,18812B1514D32E
8D8013F158558038D094B319372F,188131A3937722
8D8013F199141B9F30041C981B6C,1881520CEFC724
8D8013F1F82300020049BC05CD5E,1881550812A124
8D8013F1EA1F5858013C08CC403A,1881605ACB0525
8D8013F12218C1F2C7182057DEA3,18816486F25814
8D8013F199141B9F30081CD0416C,188169E493C23B
8D8013F1585587F36C16ADFCD7D4,18816F420B4D1E
8D8013F1E1021F0000000021B5E8,18818C17576839
8D8013F199141B9F30041C981B6C,18818DE0B71E20
8D8013F1585587F33416ABC5EDB3,1881B36E12771D
8D8013F199141B9F30041C981B6C,1881C4F0397A1D
8D8013F1EA1F5858013C08CC403A,1882028E569E1C
8D8013F199141B9F30081CD0416C,18824753317F23
8D8013F1585587F2AA16A39B7BBF,188267831F6F22
8D8013F199141B9F38081CBEE364,188286BAF82323
8D8013F1F82300020049BC05CD5E,1882980464A520
8D8013F12218C1F2C7182057DEA3,18829B97A6DC20
8D8013F158558037B294A441C702,18829FC3BB531F
8D8013F1EA1F5858013C08CC403A,1882A0F53EB11E
8D8013F199141B9F38041CF6B964,1882C7EC75F320
8D8013F1585580378694A2EE8A12,1882D9CE295E18
8D8013F1585587F22A169D700A3B,188310DDA35E20
8D8013F199141B9F38041CF6B964,1883117640371F
8D8013F1EA1F5858013C08CC403A,18834328B16420
8D8013F199141B9F38041CF6B964,18834F14747D1F
8D8013F1585587F1F8169A55CD87,188350454CF422
8D8013F199141B9F30041C981B6C,1883C58B562826
8D8013F1F82300020049BC05CD5E,1883DB998B6B24
8D8013F1EA1F5858013C08CC403A,1883E358E39024
8D8013F1E1021F0000000021B5E8,1884015F842824
8D8013F199141B9F38041CF6B964,188406BD3BBA1B
8D8013F1585580368A9495627501,188419CFA53025
8D8013F1585587F1421691AD63E7,1884396715582D
8D8013F199141B9F30041C981B6C,18844AE94C2A24
8D8013F1585587F128168F17598F,18845C326EF226
8D8013F1585580363A94911071A3,1884802F42F01E
8D8013F1EA1F5858013C08CC403A,18848625259627
8D8013F15855803620948FB88BA0,18849F2D9C5B27
8D8013F15855803602948E19AB02,1884C62575AA19
8D8013F19914199F30041C9E0EF0,188501F946B52B
8D8013F158558035D0948CC3A081,18850887D0271B
8D8013F1F82300020049BC05CD5E,188513DB04CE29
8D8013F12218C1F2C7182057DEA3,18851DFD699A2B
8D8013F1585587F0901688DFEA64,188522C1FDDD29
8D8013F19914189F38041CF3A636,188525241CA921
8D8013F1EA1F5858013C08CC403A,18852786B35425
8D8013F19914189F30081CD55E3E,18854CB4410628
8D8013F19914189F30081CD55E3E,18856BB2F87019
8D8013F1585587F0461685B1175E,1885832B73621F
8D8013F19914189F30041C9D043E,188592124A332C
8D8013F1585580355694860531DD,18859E9646792F
8D8013F1F82300020049BC05CD5E,1885B53D031917
8D8013F1EA1F5858013C08CC403A,1885CB8408982F
8D8013F1585587F0001682E8C6AE,1885DB9BAAC133
8D8013F19914189F38041CF3A636,1885F4A4EF2721
8D8013F1585580350C9483D84B2A,188602931BDF19
8D8013F19914189F38081CBBFC36,18861B9BF3532F
8D8013F1EA1F5858013C08CC403A,18861CCD651C19
8D8013F158558034DE948155BA0F,188637A029FE1C
8D8013F19914189F38041CF3A636,18863B3364B336
8D8013F1F82300020049BC05CD5E,18865939E9E433
8D8013F158558034C0947FCF5518,18865E973A6F2F
8D8013F19914189F38041CF3A636,18865F2FDAA32F
8D8013F12218C1F2C7182057DEA3,1886648D480C1F
8D8013F1EA1F5858013C08CC403A,18866B1BB66531
8D8013F19914189F38081CBBFC36,188677A01D6B17
8D8013F1585587EF84167CFC468D,18867A0278081B
8D8013F1E1021F0000000021B5E8,18868293D74034
8D8013F15855803492947D835DC3,1886993A339F2F
8D8013F19914189F38041CF3A636,188699D30B5E5E
8D8013F1585587EF58167A182943,1886B3745E2820
8D8013F19914189F38081CBBFC36,1886B838F50B1F
8D8013F1EA1F5858013C08CC403A,1886BA02C2FB1B
8D8013F15855803464947B5744AE,1886D475BE6D2F
8D8013F19914189F58081C74784D,1886DF3071A32A
8D8013F1585587EF26167848AEBD,1886F2DC6DBC15
8D8013F19914189F50041C528045,1886FA03142831
8D8013F1EA1F5858013C08CC403A,18870F19771531
8D8013F1585580342E9479A8AA6D,188718A2429631
8D8013F19914179F50041C43E25F,18871C35D46431
8D8013F1585587EEF016750DAED4,18873A03789020
8D8013F19914179F58041C2D4057,18873A9BFFED23
8D8013F158558033FC9477DD1CF8,18875A6C585D30
8D8013F1EA1F5858013C08CC403A,18875E9880AA23
8D8013F19914179F58041C2D4057,1887622C0F0D28
8D8013F19914179F50041C43E25F,188784F770091D
8D8013F158558033CE94755E9058,18879476BAED30
8D8013F1F82300020049BC05CD5E,18879B05999436
8D8013F12218C1F2C7182057DEA3,18879E0089B638
8D8013F19914179F50041C43E25F,1887A822496832
8D8013F1EA1F5858013C08CC403A,1887ABB5D6152B
8D8013F1585587EE921671D9BA1B,1887B53F57B716
8D8013F19914179F50081C0BB85F,1887C6C1785219
8D8013F1E1021F0000000021B5E8,1887CA5512BB33
8D8013F1585587EE78167076C44E,1887D7720AF333
8D8013F19914179F50081C0BB85F,1887E8BB3C2131
8D8013F1585580337E94712C94FA,1887F5D8798F30
8D8013F1EA1F5858013C08CC403A,188800CBE3CD21
8D8013F1585587EE46166EAC1360,18881510710630
8D8013F19914179F50041C43E25F,18883244EA8133
8D8013F1F82300020049BC05CD5E,18883A9D4F603F
8D8013F1EA1F5858013C08CC403A,188850E42EB92C
8D8013F19914179F50081C0BB85F,18885346F28E1B
8D8013F15855803332946E00DF34,1888580B898130
8D8013F19914179F50041C43E25F,1888737675502C
8D8013F15855803318946DCF4185,188877A290DC17
8D8013F19914179F50041C43E25F,18889510F0A622
8D8013F15855803300946C835394,1888980C070D2D
8D8013F19914179F50041C43E25F,1888B2DE75832D
8D8013F158558032E6946AA1F3BA,1888B70A5C6216
8D8013F19914179F50081C0BB85F,1888D8A46E1130
8D8013F158558032CC94696E6D0B,1888D93D09D121
8D8013F1F82300020049BC05CD5E,1888DD6934901D
8D8013F1EA1F5858013C08CC403A,1888F07C1BC128
8D8013F19914179F50081C0BB85F,1888F83BBE1E23
8D8013F1E1021F0000000021B5E8,18891216D26A25
8D8013F1585587ED621664A255CF,188938D4FCD517
8D8013F19914179F58041C2D4057,1889396D4E7C28
8D8013F1EA1F5858013C08CC403A,188944F9C27511
8D8013F1585587ED4A1663765BCA,18895D69F6492C
8D8013F19914179F58041C2D4057,18895E02BBD821
8D8013F1F82300020049BC05CD5E,1889783C5B4936
8D8013F19914179F58041C2D4057,1889829784B728
8D8013F1585587ED2C16626AD23E,188984614F2D15
8D8013F1EA1F5858013C08CC403A,18899348365925
8D8013F1585587ED1816613A5311,18899C38F0B72B
8D8013F19914179F58041C2D4057,1889C6C3F19F2B
8D8013F1585580320294614CBA16,1889D93E47FE25
8D8013F19914179F58041C2D4057,188A0036181529
8D8013F158558031D0945E682CAE,188A18A602EA2D
8D8013F1F82300020049BC05CD5E,188A193E9D1328
8D8013F12218C1F2C7182057DEA3,188A2065AB6128
8D8013F1EA1F5858013C08CC403A,188A2FE5684929
8D8013F1585587EC9C165C3266D0,188A3A9FB7763D
8D8013F19914179F58041C2D4057,188A40CEC1EE27
8D8013F1E1021F0000000021B5E8,188A4F1D335123
8D8013F1585587EC88165B27A3E0,188A57754DAA2F
8D8013F19914179F58041C2D4057,188A619727CA17
8D8013F1585587EC70165A4E3127,188A7542B60520
8D8013F1EA1F5858013C08CC403A,188A8167A7983A
8D8013F19914179F58041C2D4057,188A8298D24631
8D8013F15855803170945AC76C1C,188A93E1EB492A
8D8013F19914179F50041C43E25F,188AA3FA2F4025
8D8013F1F82300020049BC05CD5E,188AC0CF53031D
8D8013F19914179F58041C2D4057,188AC62CF0B431
8D8013F1EA1F5858013C08CC403A,188AD17FF2A336
8D8013F1585580313A94583882DF,188ADA70AAFD31
8D8013F19914179F58041C2D4057,188AE5C3E6F81F
8D8013F1585580312094576F6C0D,188AF5DC37341B
8D8013F19914179F58041C2D4057,188B088F458332
8D8013F1585587EBEE1654E88CEC,188B1CD3709832
8D8013F1EA1F5858013C08CC403A,188B1FCE7BC422
8D8013F19914179F58041C2D4057,188B22C9B56321
8D8013F1585587EBD21653D697FD,188B4332EDA143
8D8013F19914179F58041C2D4057,188B49C0C0E232
8D8013F158558030D0945443BD8A,188B5E9D827735
8D8013F19914179F58041C2D4057,188B6231058F1F
8D8013F1F82300020049BC05CD5E,188B63623C8236
8D8013F12218C1F2C7182057DEA3,188B6B21E93F34
8D8013F1EA1F5858013C08CC403A,188B707F3CE735
8D8013F158558030B69452A0E45A,188B80D0490B1B
8D8013F1E1021F0000000021B5E8,188B8CBC231731
8D8013F158558030A294524AF14E,188B98A7F6F935
8D8013F19914169F58041C2E4A99,188B9B0ABBC925
8D8013F158558030889451856FFF,188BB7A6BE041E
8D8013F19914169F58041C2E4A99,188BC038508132
8D8013F1EA1F5858013C08CC403A,188BC3CB90C323
8D8013F15855803070944F13BDA8,188BDA71F3C932
8D8013F19914169F58041C2E4A99,188BDB0AE3E320
8D8013F1585587EB46164DD632DD,188BF2E283791B
8D8013F19914169F58041C2E4A99,188BF37ACC4739
8D8013F1F82300020049BC05CD5E,188C0464662124
8D8013F19914169F58041C2E4A99,188C16DECC8D25
8D8013F1585580303C944DC0AAED,188C19D9A6B631
8D8013F19914169F50041C40E891,188C3118BD7939
8D8013F1585587EB14164B9A0230,188C3413C3072D
8D8013F1585587EAFC164A0529B4,188C55AE13F239
8D8013F1EA1F5858013C08CC403A,188C62323DE030
8D8013F19914169F58081C661099,188C6D857D4635
8D8013F15855802FF2944AD1F8BB,188C78401FA422
8D8013F19914169F58081C661099,188C90E975AC25
8D8013F1F82300020049BC05CD5E,188CA101C18334
8D8013F12218C1F2C7182057DEA3,188CAD85D47E3C
8D8013F1EA1F5858013C08CC403A,188CAF4F976236
8D8013F15855802FC4944865251F,188CB1195FF21F
8D8013F19914169F58081C661099,188CB1B2025933
8D8013F1E1021F0000000021B5E8,188CC596A3B61E
8D8013F19914169F58041C2E4A99,188CD0E9CF6520
8D8013F1585587EA981646FDB491,188CD647124437
8D8013F19914169F58041C2E4A99,188CEF4FE98933
8D8013F15855802F8C9446812B04,188CF70FA36629
8D8013F1EA1F5858013C08CC403A,188D04FE4E1823
8D8013F1585587EA6616444737C2,188D15AF354035
8D8013F19914169F58041C2E4A99,188D2BBCA82D36
8D8013F1585587EA521643178EDB,188D2F50345D27
8D8013F1F82300020049BC05CD5E,188D397247CC20
8D8013F1EA1F5858013C08CC403A,188D50EA67EC3D
8D8013F19914169F58041C2E4A99,188D521BEBB722
8D8013F1585587EA3416420B072F,188D56E04AFF36
8D8013F19914169F50041C40E891,188D74ADDBA35D
8D8013F1585587EA181640179411,188D7A0B26CF30
8D8013F19914169F50041C40E891,188D98127C7F1C
8D8013F1EA1F5858013C08CC403A,188D9CD6915111
8D8013F1585587E9FE163F9FE8F4,188D9D6F553A43
8D8013F19914169F58041C2E4A99,188DBA0B8C4034
8D8013F1585587E9E0163EFF0363,188DC3CDF6B729
8D8013F1F82300020049BC05CD5E,188DD6E0F98F4D
8D8013F19914169F58041C2E4A99,188DDC3E3B2524
8D8013F1585587E9C8163D2B3550,188DE19B8BFE33
8D8013F1EA1F5858013C08CC403A,188DEB24FB4233
8D8013F12218C1F2C7182057DEA3,188DF5E0259C21
8D8013F19914169F50041C40E891,188DF67858AF33
8D8013F15855802EB8943DF8851C,188E06C9670622
8D8013F1E1021F0000000021B5E8,188E0CBF60223A
8D8013F15855802E9E943C6EF4BA,188E2660991B35
8D8013F19914169F50041C40E891,188E37A9CA3A2D
8D8013F1EA1F5858013C08CC403A,188E3B3D3F4834
8D8013F15855802E80943B0E3B00,188E4D58162022
8D8013F19914169F58041C2E4A99,188E547F28661C
8D8013F19914169F50041C40E891,188E7547D87935
8D8013F1EA1F5858013C08CC403A,188E8CBFFD7B32
8D8013F1585587E9421637B45700,188E9053792117
8D8013F19914169F50081C08B291,188E99DCCC1220
8D8013F1585587E92E1636DDD47E,188EA8C39A5735
8D8013F19914169F50041C40E891,188EB1B46FFE32
8D8013F1585587E9161635D4A65D,188ECAF65A9317
8D8013F19914169F50041C40E891,188ED6498F0C33
8D8013F1585587E8FC163450255B,188EE95C849527
8D8013F19914169F50081C08B291,188EF11C398026
8D8013F1F82300020049BC05CD5E,188F0CC089EC26
8D8013F15855802DD0943325F0DB,188F2B269DB728
8D8013F19914169F50041C40E891,188F2BBF280226
8D8013F12218C1F2C7182057DEA3,188F35E18D4A43
8D8013F15855802DB6943239792F,188F4D596AC344
8D8013F1E1021F0000000021B5E8,188F4DF1FD0D3D
8D8013F19914169F50081C08B291,188F695D245F29
8D8013F15855802D9E9431ED4F1C,188F6B26E2AF2A
8D8013F19914169F50081C08B291,188F8D59AE7313
8D8013F15855802D7E9430373BC3,188F92B6FAA933
8D8013F19914169F50081C08B291,188FA5C9DA7832
8D8013F15855802D66942F7B9D4B,188FB11D28D230
8D8013F1EA1F5858013C08CC403A,188FC7FC946A30
8D8013F19914169F50041C40E891,188FCC2917F713
8D8013F15855802D48942D7CA6F7,188FD8AD2EDA24
8D8013F19914169F58041C2E4A99,188FEBC014C32D
8D8013F1585587E82C162CED0D00,188FF2E7A8AC30
8D8013F1EA1F5858013C08CC403A,189015B28F4919
8D8013F15855802D14942B72CD94,18901946169719
8D8013F19914169F50041C40E891,18902B27C55E29
8D8013F1585587E7F41629B237F0,18903B3FD7492E
8D8013F1F82300020049BC05CD5E,1890492ED02A47
8D8013F19914169F50041C40E891,1890521FAC5914
8D8013F1585587E7D81628514CDC,189062CFDB3D3F
8D8013F1EA1F5858013C08CC403A,189065323DD92C
8D8013F12218C1F2C7182057DEA3,189080D686361F
8D8013F1E1021F0000000021B5E8,18909055D8EA2E
8D8013F15855802CA6942730EC8B,1890A401AAD62F
8D8013F19914169F58041C2E4A99,1890B5E36E3F2E
8D8013F1585587E78C1625CE1DC9,1890C59B867234
8D8013F19914169F58041C2E4A99,1890D8162C1913
8D8013F1585587E7741624A78F0E,1890E3691FE014
8D8013F19914169F50041C40E891,1890F5E3B8D52D
8D8013F1EA1F5858013C08CC403A,189106CD041233
8D8013F19914169F58041C2E4A99,18911B11708623
8D8013F1585587E73E16225859FB,189128C6AC991D
8D8013F19914169F50041C40E891,18913381540732
8D8013F15855802C289421989785,189147FE8DD833
8D8013F1585587E70C1620DBD55B,1891695FFB7C22
8D8013F19914169F58081C661099,18917086EAD832
8D8013F1F82300020049BC05CD5E,1891803F7D4B2E
8D8013F19914169F58081C661099,1891951C27ED3D
8D8013F1EA1F5858013C08CC403A,1891A238D6F632
8D8013F1585587E6D4161DDDAFD4,1891AE24A57923
8D8013F19914169F58081C661099,1891B1B82D1649
8D8013F12218C1F2C7182057DEA3,1891C46B9A4E31
8D8013F1E1021F0000000021B5E8,1891CB92CADA17
8D8013F1585587E6BC161C837DAE,1891D188A4392E
8D8013F19914169F58041C2E4A99,1891D817C2E620
8D8013F19914169F50041C40E891,1891F0874B962E
8D8013F1EA1F5858013C08CC403A,1891F11FFD6E36
8D8013F15855802BA0941C315EA2,1891F251072616
8D8013F19914169F50041C40E891,18920F2704BF2F
8D8013F1F82300020049BC05CD5E,189219E1261616
8D8013F19914169F58041C2E4A99,189228C7F4D82D
8D8013F1EA1F5858013C08CC403A,1892463679022C
8D8013F15855802B549418FEF356,189252222CE925
8D8013F19914169F50041C40E891,1892682FA3412E
8D8013F15855802B409417EB460A,18926C5BCEBB17
8D8013F19914169F50081C08B291,18928CC4C6751D
8D8013F1585587E6261616C15BEE,189291898E7A2D
8D8013F19914169F50041C40E891,1892AA92897330
8D8013F1585587E60E1615156DDD,1892AE25E58B1C
8D8013F1F82300020049BC05CD5E,1892B1B99ABF36
8D8013F19914169F50041C40E891,1892CD5DE12825
8D8013F15855802AEE9414D27041,1892D3EC304137
8D8013F1EA1F5858013C08CC403A,1892E6FF76E836
8D8013F19914169F50081C08B291,1892E96180E32F
8D8013F15855802AD49413C092D6,1892F1B9CB1627
8D8013F12218C1F2C7182057DEA3,18930E8F3B4317
8D8013F1E1021F0000000021B5E8,189310590A9B32
8D8013F19914169F50081C08B291,18932E268FF430
8D8013F1585587E5A61610577C9B,1893341C7BA216
8D8013F1EA1F5858013C08CC403A,189337B005AF48
8D8013F19914169F50081C08B291,18935059489E16
8D8013F15855802A8A94102A9D08,189352BBB0A72B
8D8013F1F82300020049BC05CD5E,1893594A347C1B
8D8013F19914169F50041C40E891,18937121CDB936
8D8013F1585587E574160EF1D86F,1893754DF82A20
8D8013F1EA1F5858013C08CC403A,18938AFCBBE036
8D8013F15855802A56940ECE6272,18939223BB6933
8D8013F15855802A42940DDB9F74,1893A9FB571715
8D8013F19914169F50041C40E891,1893B84944F32F
8D8013F1585587E534160C7B3C26,1893CAFCFCC134
8D8013F1EA1F5858013C08CC403A,1893D819E98F17
8D8013F19914169F50041C40E891,1893DC45B7C611
8D8013F15855802A10940B97AF99,1893EBC51EFC18
8D8013F19914169F50081C08B291,1893F41D4C5027
8D8013F1F82300020049BC05CD5E,1894004296FF28
8D8013F1585587E502160ACFD9B4,18940AFCEDEC30
8D8013F19914169F50041C40E891,189416E8AE941B
8D8013F1585587E4EE160967BF2F,1894236D1B7715
8D8013F1EA1F5858013C08CC403A,1894266818F735
8D8013F158558029CA9408DCF21B,189446D13A032F
8D8013F1E1021F0000000021B5E8,189453EE17412F
8D8013F19914169F50081C08B291,18945650816D1B
8D8013F1585587E4BC16072BFFAE,1894610B91B835
8D8013F1EA1F5858013C08CC403A,189475E81BF117
8D8013F19914169F50041C40E891,189478E30E842D
8D8013F19914169F58041C2E4A99,1894B8E386B228
8D8013F1585580296A940473C2C5,1894C0DBD6A027
8D8013F1EA1F5858013C08CC403A,1894C639764526
8D8013F19914169F50041C40E891,1894F719A5B723
8D8013F1585580291E9401A99F95,18951EA9AAE431
8D8013F1585580290A9400BC7E88,1895384B04852B
8D8013F19914169F58041C2E4A99,189538E402F622
8D8013F1F82300020049BC05CD5E,1895420D9F9224
8D8013F1EA1F5858013C08CC403A,18956669A1E929
8D8013F158558028D293FD94A127,18958175B67826
8D8013F19914169F58041C2E4A99,189582A6778029
8D8013F1E1021F0000000021B5E8,1895981C197E2F
8D8013F19914169F58081C661099,1895BAAE04F62A
8D8013F1585580289A93FB70DF50,1895C76B8CBA31
8D8013F1EA1F5858013C08CC403A,189606D379A329
8D8013F19914169F58041C2E4A99,1896076BD8B729
8D8013F1585587E37415F9E1B5E9,18960B9811122C
8D8013F1585580283493F79DB400,1896476C528B2A
8D8013F19914169F58081C661099,1896489D4C7526
8D8013F1EA1F5858013C08CC403A,189653F0C60534
8D8013F19914169F58081C661099,18966408DB1C33
8D8013F19914169F58041C2E4A99,18968176E9B823
8D8013F1585587E31615F535D14A,189683D8E51E28
8D8013F1F82300020049BC05CD5E,1896850A111425
8D8013F1EA1F5858013C08CC403A,1896A0754CC92A
8D8013F19914169F58081C661099,1896B683571320
8D8013F1585587E2E015F3CA3574,1896C9370B7721
8D8013F12218C1F2C7182057DEA3,1896CA67B87924
8D8013F19914169F58081C661099,1896FB48336C25
8D8013F1585587E2B215F1863DAF,189705A350F328
8D8013F1F82300020049BC05CD5E,189722D851DE15
8D8013F19914169F58041C2E4A99,189734BA08B429
8D8013F1585587E28615EF29E00B,18973A1753E02A
8D8013F1EA1F5858013C08CC403A,18974046A8122A
8D8013F19914169F58041C2E4A99,18975523542B30
8D8013F1585580274293EDD0ED6A,18977684165C25
8D8013F19914169F58041C2E4A99,1897B2F134281C
8D8013F1585580271093EB9CDD87,1897B7B59BEC21
8D8013F1F82300020049BC05CD5E,1897C6D578ED23
8D8013F1EA1F5858013C08CC403A,1897DE14D78720
8D8013F19914169F58041C2E4A99,1897F5EC742F1F
8D8013F1E1021F0000000021B5E8,189818B782681D
8D8013F19914169F58081C661099,189871C0A0B824
8D8013F1EA1F5858013C08CC403A,18987AB1887F24
8D8013F1585580267493E4B055E3,189880E0762820
8D8013F19914169F58041C2E4A99,18989786F11B15
8D8013F1585587E17015E38192E4,1898A372CA6C30
8D8013F19914169F58041C2E4A99,1898B71E42AF2D
8D8013F1585587E15615E217E342,1898C343C8E02C
8D8013F1EA1F5858013C08CC403A,1898CE966FBF33
8D8013F19914169F58041C2E4A99,1898F8E8AC5227
8D8013F1585580260A93DF1E7710,189906D70C012D
8D8013F1F82300020049BC05CD5E,1899093A07FE38
8D8013F1EA1F5858013C08CC403A,18991B1B95912B
8D8013F158558025F093DE104AA0,189924A488A017
8D8013F19914169F50041C40E891,18993B4AFE632F
8D8013F1585587E0EE15DE21E9BF,189949D23FD32F
8D8013F12218C1F2C7182057DEA3,18994C34F4482B
8D8013F19914169F50041C40E891,18995A82CDA116
8D8013F1EA1F5858013C08CC403A,18996BCC042F17
8D8013F19914169F58041C2E4A99,1899771F25DB2A
8D8013F158558025AA93DBCD3057,18998212E6C42A
8D8013F19914169F50041C40E891,18999EAF4CD917
8D8013F1F82300020049BC05CD5E,1899A838AECE38
8D8013F1EA1F5858013C08CC403A,1899C17AA9AE29
8D8013F19914169F50081C08B291,1899C5A6AF9022
8D8013F1585580255E93D8FD4D87,1899E07966583A
8D8013F19914169F50041C40E891,189A0345307E2B
8D8013F1585580254093D79DF251,189A06D83F6026
8D8013F1EA1F5858013C08CC403A,189A12C421BA10
8D8013F19914169F50041C40E891,189A1BB4EEA62F
8D8013F19914169F50041C40E891,189A34BDB5AE2B
8D8013F1585587E03215D6C5D230,189A39828B2128
8D8013F1F82300020049BC05CD5E,189A4F315C8330
8D8013F19914169F50081C08B291,189A52C46DE61B
8D8013F1585587E01E15D526B507,189A578927C217
8D8013F1EA1F5858013C08CC403A,189A607A574026
8D8013F19914169F50081C08B291,189A6A9BF3CA27
8D8013F1585587E00615D46AA716,189A7425785B25
8D8013F19914169F50041C40E891,189A8B05298718
8D8013F1585587DFEC15D389BE32,189A96F0CC6617
8D8013F19914169F50041C40E891,189AA70920F723
8D8013F158558024B293D155476B,189AB720BCC720
8D8013F19914169F50081C08B291,189ADE1891812F
8D8013F1F82300020049BC05CD5E,189AEA9C9F5C14
8D8013F1585580248093CFD66349,189AF7B9CAB923
8D8013F1EA1F5858013C08CC403A,189B04771E7D29
8D8013F19914169F50081C08B291,189B148F40C226
8D8013F1585587DF6C15CE9CE614,189B3A1C5FBE2C
8D8013F1EA1F5858013C08CC403A,189B535E45EE10
8D8013F1585587DF5215CDB96DB1,189B5CE7A2A41D
8D8013F19914169F58041C2E4A99,189B5EB178E028
8D8013F1585587DF3A15CCE7BFCB,189B7AB55F6829
8D8013F1F82300020049BC05CD5E,189B9194C1C92B
8D8013F158558023FC93CAB16EA8,189B9FE2FA0B12
8D8013F1EA1F5858013C08CC403A,189BA3767C772B
8D8013F19914169F50041C40E891,189BC34735D41D
8D8013F158558023DE93C8EFA618,189BC6DA67EE2C
8D8013F12218C1F2C7182057DEA3,189BCFCB58022D
8D8013F19914169F50081C08B291,189BE40FBF1630
8D8013F1EA1F5858013C08CC403A,189BEF62BAEB31
8D8013F19914169F50041C40E891,189C06427D1F14
8D8013F1585587DECC15C7E7E7A6,189C0B06E33D2B
8D8013F1F82300020049BC05CD5E,189C2BCFC5AB31
8D8013F1EA1F5858013C08CC403A,189C417DC02634
8D8013F1585587DEA015C5718CCA,189C45A9E9EA30
8D8013F1585587DE8C15C492F7E6,189C5D818BF217
8D8013F19914169F58041C2E4A99,189C8BA02A601D
8D8013F19914169F50041C40E891,189CAE3259C62B
8D8013F1585587DE3815C1285649,189CCB07D1762E
8D8013F1F82300020049BC05CD5E,189CCCD1A6F72E
8D8013F1EA1F5858013C08CC403A,189CDFE48D9C24
8D8013F19914169F50041C40E891,189CF09507D225
8D8013F1585587DE0C15BF85C93D,189D05AB316E28
8D8013F1E1021F0000000021B5E8,189D1F4C4E541D
8D8013F158558022C893BDC888EA,189D25DAC3D02D
8D8013F19914169F50041C40E891,189D2BD0A9D221
8D8013F158558022B093BC4B1E80,189D46DC4B9225
8D8013F19914169F50041C40E891,189D6B38584A24
8D8013F1EA1F5858013C08CC403A,189D834A14531E
8D8013F1585580227893B9BA8C48,189D8D6B307220
8D8013F1585587DD7215B9A97100,189DC93FA9273E
8D8013F19914169F50041C40E891,189DEAA064C120
8D8013F1F82300020049BC05CD5E,189E0C3AE5751B
8D8013F1585587DD3C15B761869D,189E1066AD821B
8D8013F1EA1F5858013C08CC403A,189E1C528BB51D
8D8013F19914169F50041C40E891,189E24128FBA19
8D8013F158558021AA93B160EBBC,189E92316F671F
8D8013F1EA1F5858013C08CC403A,189EB725BF0121
8D8013F1585587DCAC15B17D1F5E,189ECB0A8A9A1E
8D8013F19914169F50041C40E891,189EDF4E77FA1F
8D8013F1585580216893AEE4FF51,189EE4ABB8F534
8D8013F1585587DC7A15AFECEAAE,189F09D99FC41D
8D8013F19914169F58041C2E4A99,189F2676105822
8D8013F1F82300020049BC05CD5E,189F481034B424
8D8013F1EA1F5858013C08CC403A,189F5A8A80841F
8D8013F1585587DC1C15AB0FAF65,189F834BE0A722
8D8013F19914169F50041C40E891,189FA24A757623
8D8013F1E1021F0000000021B5E8,189FB00037FF29
8D8013F1585587DBF015A9A0321D,189FBB53217421
8D8013F19914169F50041C40E891,189FE2E328861B
8D8013F1EA1F5858013C08CC403A,189FF858DA9220
8D8013F19914169F30081CC736EA,18A021B25C921D
8D8013F1585587DB8815A5DC1824,18A045AEE68721
8D8013F1EA1F5858013C08CC403A,18A04A7393FF32
8D8013F1585580202093A1D4F810,18A086E066C71D
8D8013F1EA1F5858013C08CC403A,18A09B24F98F20
8D8013F19914169F30081CC736EA,18A0A415C93A3C
8D8013F1585587DB2415A0D55F93,18A0C5AF758838
8D8013F12218C1F2C7182057DEA3,18A0DC55E59E17
8D8013F19914169F38041CE1CEE2,18A125DFC9271B
8D8013F1EA1F5858013C08CC403A,18A138F3593B14
8D8013F1EA1F5858013C08CC403A,18A1DEB9B76917
8D8013F19914169F38041CE1CEE2,18A1E083675234
8D8013F1585587DA221596D35E03,18A211043E5D19
8D8013F1E1021F0000000021B5E8,18A22A0D745C15
8D8013F19914169F38041CE1CEE2,18A262E6540C31
8D8013F19914169F38081CA994E2,18A2E41872FE32
8D8013F1585587D976158F30D00D,18A2EF6B67BE2D
8D8013F1F82300020049BC05CD5E,18A3077C074B12
8D8013F1EA1F5858013C08CC403A,18A31D89FB9D1B
8D8013F15855801E10938B2AD3E1,18A3267B044A12
8D8013F1F82300020049BC05CD5E,18A440EF18AD32
8D8013F1EA1F5858013C08CC403A,18A45FEDE3A018
8D8013F19914169F38041CE1CEE2,18A4667C6F9237
8D8013F19914169F30041C8F6CEA,18A49F559F081B
8D8013F1585587D81615802B096D,18A4B4CADAEA18
8D8013F19914169F38081CA994E2,18A4E54BD2CC32
8D8013F19914169F30081CC736EA,18A51D8C6DC62D
8D8013F15855801C6E937AD7E263,18A5385F128D13
8D8013F15855801C409378D0D9DF,18A5726975CA14
8D8013F1F82300020049BC05CD5E,18A58058753311
8D8013F1585587D7501578FB3035,18A5B43390441E
8D8013F19914169F30041C8F6CEA,18A5F0A045FE1D
8D8013F15855801BDC93746DD08D,18A5F138F8FF23
8D8013F15855801BBE9372B9D859,18A61830B6F61B
8D8013F1F82300020049BC05CD5E,18A621B9CD3C38
8D8013F15855801BAA937253CD4D,18A631D1CAC323
8D8013F19914169F38041CE1CEE2,18A6372F125527
8D8013F1EA1F5858013C08CC403A,18A642BBA5BD2A
8D8013F19914169F30041C8F6CEA,18A65B2BF95E14
8D8013F1585587D6BC1572ACD2CB,18A6743491682E
8D8013F19914169F30081CC736EA,18A67A2A767F2E
8D8013F1EA1F5858013C08CC403A,18A6923B770818
8D8013F19914169F30081CC736EA,18A696FFCF3C15
8D8013F1585587D68E15702F5E6B,18A6AED76BD530
8D8013F19914169F38041CE1CEE2,18A6B4CDC88D34
8D8013F1F82300020049BC05CD5E,18A6C780DDC22F
8D8013F1EA1F5858013C08CC403A,18A6DE278C3933
8D8013F15855801B18936C3AEDC2,18A6EA13601B30
8D8013F19914169F30081CC736EA,18A6FA2B062C30
8D8013F1585587D62C156C9B26EF,18A72E3FB39F31
8D8013F19914159F30041C8A73B8,18A73730563F33
8D8013F12218C1F2C7182057DEA3,18A740F2F22738
8D8013F19914159F30081CC229B8,18A759632A5026
8D8013F1F82300020049BC05CD5E,18A763852F9717
8D8013F19914159F30041C8A73B8,18A780F354F832
8D8013F1EA1F5858013C08CC403A,18A783560ECB32
8D8013F1585587D5E215693A4A54,18A79072B8D32E
8D8013F1EA1F5858013C08CC403A,18A7D36DD85217
8D8013F19914159F30081CC229B8,18A7E123EA813B
8D8013F1F82300020049BC05CD5E,18A803EEC2F531
8D8013F19914159F30081CC229B8,18A807824A4331
8D8013F1585587D57E1566AB59AD,18A80FDADF5919
8D8013F1EA1F5858013C08CC403A,18A823861EBA26
8D8013F12218C1F2C7182057DEA3,18A87AC5901F21
8D8013F19914159F30041C8A73B8,18A892D6925E24
8D8013F1585587D50215611FBAEE,18A8ADA8D07C23
8D8013F19914159F30081CC229B8,18A8D23E49A022
8D8013F1585587D4D2155F888A7B,18A8EEDA4AE126
8D8013F19914159F30081CC229B8,18A8F39F0AD712
8D8013F1585587D4B4155E94038F,18A91539A43511
8D8013F19914159F30041C8A73B8,18A9179B7E2729
8D8013F1585587D49A155D6CCC3A,18A93307131822
8D8013F1F82300020049BC05CD5E,18A942BF2B7926
8D8013F1585580193493598F7516,18A952D727F736
8D8013F19914159F30041C8A73B8,18A95834C3272C
8D8013F1EA1F5858013C08CC403A,18A95E2AB18518
8D8013F1585587D46A155B942CD1,18A973078D6837
8D8013F19914159F30081CC229B8,18A97864576E19
8D8013F158558018FC9357AA82F3,18A999FE79B719
8D8013F19914159F38041CE4D1B0,18A99CF97C573A
8D8013F1E1021F0000000021B5E8,18A9A387FDCA34
8D8013F12218C1F2C7182057DEA3,18A9C48997FB18
8D8013F1585587D41E15584E55AC,18A9D5D2B56314
8D8013F19914159F30041C8A73B8,18A9E1264B3633
8D8013F1585587D40C1557771976,18A9EEDB88B02B
8D8013F1EA1F5858013C08CC403A,18A9FAC7684A30
8D8013F19914159F30041C8A73B8,18AA02C01C5114
8D8013F1585587D3DA155535B6BD,18AA2E435E962D
8D8013F1EA1F5858013C08CC403A,18AA4EAC394312
8D8013F1585580186A9351B11FE5,18AA54A23AAB1F
8D8013F19914149F58041C285F05,18AA5B31261332
8D8013F1585587D3A815533CFA79,18AA6D12E6302B
8D8013F19914149F58081C600505,18AA805EAF2219
8D8013F1F82300020049BC05CD5E,18AA8359D3C227
8D8013F19914149F58081C600505,18AA9CFAE1B423
8D8013F1585587D37C155249E79B,18AAA97F31791E
8D8013F158558017EC934CFB526D,18AAF00E43D238
8D8013F1585587D2DC154CCDD6D5,18AB743ABF7032
8D8013F1EA1F5858013C08CC403A,18ABD66DF2B81F
8D8013F19914149F58041C285F05,18ABDA99F2EC38
8D8013F158558017229345267179,18ABF00F848F1C
8D8013F19914149F58041C285F05,18AC124250441B
8D8013F1585587D24C1546FAFA1F,18AC2F76EBEC1D
8D8013F19914149F58081C600505,18AC4FDFEEE117
8D8013F158558016C293412834CA,18AC6B4B18D31E
8D8013F1EA1F5858013C08CC403A,18AC769E6CBB24
8D8013F19914149F58041C285F05,18AC8C4D054A1F
8D8013F15855801690933F66D643,18ACAB4B5F331F
8D8013F19914149F58041C285F05,18ACD0791FFC1E
8D8013F1585580165E933D446D29,18ACEBE456421B
8D8013F1F82300020049BC05CD5E,18AD052640D619
8D8013F19914149F50041C46FD0D,18AD0E170BBF1C
8D8013F1EA1F5858013C08CC403A,18AD18D21F6521
8D8013F1585580162C933B4D21ED,18AD2B4C08151C
8D8013F158558015F89339BBD3E8,18AD6C7D8BC136
8D8013F19914149F50081C0EA70D,18ADDA03E1A037
8D8013F15855801552933361CD91,18AE40635F1636
8D8013F1F82300020049BC05CD5E,18AE448F4AD732
8D8013F19914149F50081C0EA70D,18AE954062192D
8D8013F158558014EE932F6157D8,18AEC2C6185C34
8D8013F19914149F50041C46FD0D,18AED1ACD83A36
8D8013F1EA1F5858013C08CC403A,18AEF86B3B4912
8D8013F1585587D01C153107CED7,18AF035F729A18
8D8013F19914149F50081C0EA70D,18AF1114920D15
8D8013F1585587CFEA152F1F620D,18AF452941B315
8D8013F19914149F58081C600505,18AF4B1F08D237
8D8013F1585587CFB8152D536AD6,18AF8529BB9615
8D8013F19914149F50041C46FD0D,18AF88BCFB6B31
8D8013F1F82300020049BC05CD5E,18AF8956022919
8D8013F19914149F58041C285F05,18AFC5C2476720
8D8013F1585587CF82152BBE7C48,18AFCB1FB01E31
8D8013F12218C1F2C7182057DEA3,18B008BD821F43
8D8013F19914149F58041C285F05,18B00BB8C4A71B
8D8013F158558013E69325DC6B1E,18B00CE9E79520
8D8013F1EA1F5858013C08CC403A,18B0360AC46030
8D8013F19914149F58041C285F05,18B04B2064C833
8D8013F1585587CF141527A58D29,18B05542944B35
8D8013F19914149F58041C285F05,18B094A9F63918
8D8013F158558013789321A9481B,18B0996EA7C823
8D8013F1F82300020049BC05CD5E,18B0C6F4A73A1C
8D8013F1EA1F5858013C08CC403A,18B0DA07859225
8D8013F1585587CEAC152392D6D0,18B0DB3930F91D
8D8013F19914149F58041C285F05,18B115DC146F21
8D8013F1585580130E931D9618C4,18B11ECCAB2820
8D8013F19914149F58081C600505,18B15379AEB71C
8D8013F1585587CE4815207FEF10,18B15D9BC60E1F
8D8013F1F82300020049BC05CD5E,18B16725B59E33
8D8013F1EA1F5858013C08CC403A,18B1799F8B7223
8D8013F1585587CE2A151F5542C9,18B1836265DA33
8D8013F19914149F58041C285F05,18B1907F1BE721
8D8013F1585587CE12151E5C2CF1,18B1A3921B0621
8D8013F19914149F58081C600505,18B1B0AF090C11
8D8013F1EA1F5858013C08CC403A,18B1CC5393E134
8D8013F19914149F50041C46FD0D,18B1D1B09DDD28
8D8013F1585587CDDC151C02906E,18B1E7262A221D
8D8013F19914149F58041C285F05,18B1F3AA428B32
8D8013F1F82300020049BC05CD5E,18B20E1D4EC61C
8D8013F19914149F78081C25792C,18B2107FB88524
8D8013F1EA1F5858013C08CC403A,18B2183FC1AB23
8D8013F1585587CD96151902AE89,18B245C593F23A
8D8013F19914149F70041C038124,18B248C04DC220
8D8013F1585587CD7815189A81D8,18B267BF0C5122
8D8013F158558011F293136081E9,18B2865E959014
8D8013F19914149F78081C25792C,18B28827FBFC1D
8D8013F12218C1F2C7182057DEA3,18B295DDA2913C
8D8013F1F82300020049BC05CD5E,18B2A5F593C432
8D8013F1585587CD46151640B62E,18B2A7271BB524
8D8013F19914149F78041C6D232C,18B2CA8ABF3616
8D8013F1585587CD1415140CBEF5,18B2E989AADF22
8D8013F19914149F78041C6D232C,18B3095A31F01E
8D8013F1585580116E930EF16ED3,18B32B53933C19
8D8013F1F82300020049BC05CD5E,18B349F2C3EC21
8D8013F19914149F70041C038124,18B34EB78D681E
8D8013F1EA1F5858013C08CC403A,18B34F506E1020
8D8013F1585587CCB01510BF5210,18B36859124F25
8D8013F19914149F78041C6D232C,18B391B2B5F026
8D8013F1585587CC7E150E9D41F8,18B3A7C0ABB81D
8D8013F1E1021F0000000021B5E8,18B3B9A2653E1B
8D8013F1585587CC6C150E5BAD6A,18B3C3FD797F15
8D8013F19914149F78041C6D232C,18B3D8DA221D1F
8D8013F158558010E0930872E88E,18B3E099E76425
8D8013F1EA1F5858013C08CC403A,18B3E98ABF3D1E
8D8013F158558010AE9306BA1F13,18B4209A2F2B1D
8D8013F19914159F78041C6E29E2,18B44F51AA2A14
8D8013F1F82300020049BC05CD5E,18B4810387E119
8D8013F1585587CBC61507ADA9B8,18B497AA15621F
8D8013F19914159F78041C6E29E2,18B49973AB9822
8D8013F19914159F70081C48D1EA,18B4D973FFE218
8D8013F1585587CB641504E691AC,18B515E0B24217
8D8013F12218C1F2C7182057DEA3,18B51DA0DDD416
8D8013F15855800FBC92FD44E7B4,18B5524E093E50
8D8013F19914159F50041C45F7C3,18B559749FFB35
8D8013F1585587CB0015001E7CE5,18B59712A21514
8D8013F19914159F50081C0DADC3,18B59ED245F917
8D8013F1F82300020049BC05CD5E,18B5C8C4BCA617
8D8013F1EA1F5858013C08CC403A,18B5CB274C7B19
8D8013F19914159F58041C2B55CB,18B5DB3F57CE17
8D8013F1585587CA9214FBED58BF,18B62135B49517
8D8013F1E1021F0000000021B5E8,18B6327E6D671C
8D8013F1EA1F5858013C08CC403A,18B6672BCDCC39
8D8013F15855800EBA92F343B720,18B6997626D918
8D8013F19914159F50081C0DADC3,18B69DA259A624
8D8013F15855800E8292F1B5310A,18B6DED4115221
8D8013F1F82300020049BC05CD5E,18B703694A7022
8D8013F1EA1F5858013C08CC403A,18B70A90147222
8D8013F1585587C9D014F4FFAFD2,18B71B41315020
8D8013F19914159F50081C0DADC3,18B71BD9436E24
8D8013F15855800E2692ED2DB008,18B75419C38D22
8D8013F19914159F50081C0DADC3,18B7554B7CDF1F
8D8013F19914159F58041C2B55CB,18B78F55E28C23
8D8013F1585587C97614F07C16E6,18B7908684151F
8D8013F1EA1F5858013C08CC403A,18B7A8F6D43C1F
8D8013F1585587C91414ED576694,18B8108727B81E
8D8013F1F82300020049BC05CD5E,18B842D1F9BE24
8D8013F15855800D6292E61386D5,18B84E2527511D
8D8013F19914159F58041C2B55CB,18B85AA994A21D
8D8013F19914159F50041C45F7C3,18B892EA33841B
8D8013F1E1021F0000000021B5E8,18B8AAC1E6D114
8D8013F19914159F58041C2B55CB,18B8D848838D33
8D8013F15855800CF292E1F0EB1F,18B8D8E0C10F13
8D8013F1EA1F5858013C08CC403A,18B8EB5AC37217
8D8013F1585587C84214E507AE6F,18B91C74555E19
8D8013F19914159F58081C630FCB,18B95C7498912B
8D8013F15855800C8892DD9648CC,18B95F6F864226
8D8013F1F82300020049BC05CD5E,18B98405174423
8D8013F1EA1F5858013C08CC403A,18B98E26A33326
8D8013F1585587C7E414E1F7FB73,18B997B054712A
8D8013F1585587C7CC14E023D15B,18B9B4E5245917
8D8013F15855800C2892D939087E,18B9D97A50182A
8D8013F19914159F58041C2B55CB,18B9E26B19D829
8D8013F1E1021F0000000021B5E8,18B9F57E183B14
8D8013F15855800C1092D8306646,18B9F616F38414
8D8013F1585587C77C14DDAF70F4,18BA1C7580122B
8D8013F12218C1F2C7182057DEA3,18BA1F707AE320
8D8013F19914159F50041C45F7C3,18BA20091E9224
8D8013F1F82300020049BC05CD5E,18BA2697939134
8D8013F1EA1F5858013C08CC403A,18BA28F9EE9B1E
8D8013F1585587C76814DCBA91E9,18BA34E5C21016
8D8013F19914159F50041C45F7C3,18BA387944CA34
8D8013F15855800BC892D630DA59,18BA5385250B2A
8D8013F19914159F58041C2B55CB,18BA55E74E0825
8D8013F1585587C73C14DADA5882,18BA6D26AD0E1C
8D8013F19914159F58041C2B55CB,18BA6F88CB5D19
8D8013F19914159F58041C2B55CB,18BA8BC5B98C33
8D8013F15855800B9A92D47CD282,18BA8E27E50A2A
8D8013F19914159F58041C2B55CB,18BAA7C97B0822
8D8013F15855800B8292D330E4BE,18BAAC8E16DC1D
8D8013F19914159F50041C45F7C3,18BAC832C02632
8D8013F1EA1F5858013C08CC403A,18BACBC64D502B
8D8013F1F82300020049BC05CD5E,18BACCF723572D
8D8013F1585587C6F014D8C8B639,18BAD123351F2B
8D8013F19914159F58041C2B55CB,18BAE1D3C23119
8D8013F1585587C6D814D71CC850,18BAEEF0F46415
8D8013F19914159F58041C2B55CB,18BAFADC9D1028
8D8013F1585587C6C014D650DA41,18BB11BC25092E
8D8013F1EA1F5858013C08CC403A,18BB197BD88D12
8D8013F1585587C6A614D54C4FAE,18BB2DBFDBE63A
8D8013F1E1021F0000000021B5E8,18BB2EF184CD26
8D8013F19914159F50041C45F7C3,18BB30BADA222C
8D8013F19914159F58041C2B55CB,18BB584B455C2F
8D8013F12218C1F2C7182057DEA3,18BB58E3900E19
8D8013F1EA1F5858013C08CC403A,18BB67CA577D2D
8D8013F1F82300020049BC05CD5E,18BB6862F8BB18
8D8013F19914159F58041C2B55CB,18BB7ADD31BE2D
8D8013F15855800ACC92CC2CFAA1,18BB94B7AEDB2B
8D8013F1585587C63E14D115952D,18BBB58039E336
8D8013F1EA1F5858013C08CC403A,18BBB91419FF16
8D8013F19914159F50041C45F7C3,18BBC10CD5D626
8D8013F1585587C62014D0757EBA,18BBDC77A9F725
8D8013F15855800A7692C9D40080,18BC010CD62410
8D8013F19914159F50041C45F7C3,18BC0407C60820
8D8013F1EA1F5858013C08CC403A,18BC09FDAF8421
8D8013F1F82300020049BC05CD5E,18BC0A9649211E
8D8013F15855800A5C92C81B822A,18BC20A424CA29
8D8013F19914159F50081C0DADC3,18BC45D1E9E828
8D8013F1EA1F5858013C08CC403A,18BC57B3A3EB3D
8D8013F1585587C5BE14CC7CCAFE,18BC5B479DAA28
8D8013F19914159F58041C2B55CB,18BC643855C620
8D8013F1E1021F0000000021B5E8,18BC6EF2A85E37
8D8013F19914159F58041C2B55CB,18BC8834984231
8D8013F158558009FC92C4C8B501,18BC9AAF3CB135
8D8013F12218C1F2C7182057DEA3,18BC9EDB0A6B2B
8D8013F1F82300020049BC05CD5E,18BCA26E926517
8D8013F158558009DE92C369B18E,18BCC1A6563930
8D8013F19914149F50041C46FD0D,18BCCE2ABCE225
8D8013F158558009C692C225A39F,18BCE0A518DE29
8D8013F19914149F50041C46FD0D,18BCE99606FE17
8D8013F1EA1F5858013C08CC403A,18BCF6B33AB82D
8D8013F19914149F50041C46FD0D,18BD108D802B2C
8D8013F1585587C52814C6671FB2,18BD1B48AB032B
8D8013F19914149F58081C600505,18BD2AC7A67F1E
8D8013F1585587C51014C56E6D91,18BD3B78081C13
8D8013F1F82300020049BC05CD5E,18BD45D323B028
8D8013F1EA1F5858013C08CC403A,18BD48358DAE29
8D8013F19914149F58041C285F05,18BD4BC91B9327
8D8013F1585587C4F614C4B31D9B,18BD5C7988AA27
8D8013F1EA1F5858013C08CC403A,18BD9553221618
8D8013F1585587C4C014C207F809,18BDA3086D3C2A
8D8013F1E1021F0000000021B5E8,18BDB9AEDE1D29
8D8013F1585580091092BB49C49B,18BDC66CF7E018
8D8013F19914149F58081C600505,18BDC70503E32A
8D8013F12218C1F2C7182057DEA3,18BDDD12C4C113
8D8013F158558008FC92BAE1BE1B,18BDDEDCCCFB2C
8D8013F1EA1F5858013C08CC403A,18BDE43A82E727
8D8013F1F82300020049BC05CD5E,18BDE4D2992A1B
8D8013F158558008E292B9814997,18BE02D918501D
8D8013F19914149F58081C600505,18BE0A98D02929
8D8013F158558008C492B8173831,18BE2603E96232
8D8013F1EA1F5858013C08CC403A,18BE332152741D
8D8013F19914149F50041C46FD0D,18BE440A9CB72C
8D8013F1585587C44014BD10FEE4,18BE4B31BCE820
8D8013F1585580088C92B6F3362A,18BE6B619E5429
8D8013F1F82300020049BC05CD5E,18BE81A8A4112E
8D8013F19914149F58081C600505,18BE866D99022F
8D8013F1EA1F5858013C08CC403A,18BE88370DD628
8D8013F1585580087492B59AB8F6,18BE8C6380C917
8D8013F19914159F58081C630FCB,18BEA14031D331
8D8013F1585587C3F414BA79B1E9,18BEA7CE4E912F
8D8013F19914159F58041C2B55CB,18BEBB7A478D2D
8D8013F1585587C3E214BA880C7F,18BEC53C63A61E
8D8013F1EA1F5858013C08CC403A,18BED8E7F5C91B
8D8013F1585580083292B33C9D0F,18BEE0A796422A
8D8013F1585587C3B414B8F355A0,18BEFA4902421C
8D8013F19914159F58041C2B55CB,18BEFAE198F127
8D8013F1585580080092B1BF11AF,18BF1F76BD4E27
8D8013F19914149F58081C600505,18BF20A7E99239
8D8013F12218C1F2C7182057DEA3,18BF243BCF0E2C
8D8013F1EA1F5858013C08CC403A,18BF269E2BDD25
8D8013F19914149F58041C285F05,18BF466E893E29
8D8013F1585587C36A14B5F30A92,18BF5C7C24F023
8D8013F19914149F50041C46FD0D,18BF6271F4CA17
8D8013F1EA1F5858013C08CC403A,18BF7453B14D36
8D8013F158558007B892AE2F238B,18BF787FF03010
8D8013F19914149F58041C285F05,18BF82DB125B25
8D8013F158558007A092AD632D81,18BF98E93C7229
8D8013F19914149F50041C46FD0D,18BF9C7CCE0216
8D8013F1585580078C92AC8056AD,18BFB28A42E21C
8D8013F19914149F58041C285F05,18BFC1AA31782A
8D8013F1EA1F5858013C08CC403A,18BFC53DC57826
8D8013F19914149F58041C285F05,18BFDF7797EF3A
8D8013F1585580075492AA536867,18BFF6B6B99E1B
8D8013F19914149F58041C285F05,18C002431E362F
8D8013F1EA1F5858013C08CC403A,18C01556479124
8D8013F19914149F58041C285F05,18C01D15CF1318
8D8013F1E1021F0000000021B5E8,18C02DC6290F32
8D8013F1585587C2BC14AEB6CE0E,18C039B209361C
8D8013F19914149F58041C285F05,18C0411247B221
8D8013F1F82300020049BC05CD5E,18C060A993A819
8D8013F12218C1F2C7182057DEA3,18C0643D5CB339
8D8013F1EA1F5858013C08CC403A,18C064D5B02E2F
8D8013F158558006EA92A648BA74,18C081AB464337
8D8013F19914149F50041C46FD0D,18C0840D93A12C
8D8013F1585587C27214AC947564,18C09C7D9C7D2E
8D8013F1EA1F5858013C08CC403A,18C0B3BCB53315
8D8013F1585587C25E14AB772A65,18C0B5866A2D17
8D8013F1585587C24014AA17C1F2,18C0DB4D3F2129
8D8013F1585587C22814A9490F93,18C0FAE4536D1C
8D8013F1EA1F5858013C08CC403A,18C1053F4D502F
8D8013F19914149F58081C600505,18C107A19E672A
8D8013F1585580066C92A171977B,18C120AA65CD31
8D8013F19914149F50041C46FD0D,18C1256F1B152F
8D8013F19914149F50081C0EA70D,18C1453F95B329
8D8013F1EA1F5858013C08CC403A,18C154BEE05917
8D8013F1585580063A929F0BA796,18C160AAB77829
8D8013F1E1021F0000000021B5E8,18C1745640931B
8D8013F1585587C1C014A57E62E2,18C18376776C1E
8D8013F19914149F50081C0EA70D,18C18C67467B34
8D8013F15855800608929D882B36,18C19E49036C34
8D8013F1F82300020049BC05CD5E,18C1A1444A3A3C
8D8013F19914149F50041C46FD0D,18C1A43EE5D315
8D8013F1EA1F5858013C08CC403A,18C1A4D788B731
8D8013F12218C1F2C7182057DEA3,18C1A86ABFF12E
8D8013F1585587C19214A332520F,18C1BAE508A424
8D8013F19914149F50041C46FD0D,18C1C83B636433
8D8013F19914149F58041C285F05,18C1E144489426
8D8013F1585587C17614A2DF77D4,18C1E27507E627
8D8013F19914149F58041C285F05,18C1FAE5552E28
8D8013F19914149F58041C285F05,18C220ABB1781E
8D8013F1585580059E9299EFADCE,18C2260900CA29
8D8013F1F82300020049BC05CD5E,18C24114A1A02F
8D8013F1EA1F5858013C08CC403A,18C246724C512F
8D8013F158558005849298B8175D,18C2470AC2491D
8D8013F19914149F50041C46FD0D,18C247A354252A
8D8013F1585580057092978822D7,18C25F7AF5DF2A
8D8013F19914149F58041C285F05,18C260139BC01F
8D8013F1EA1F5858013C08CC403A,18C295F1AA121D
8D8013F1585587C0EA149D64B816,18C2968A43702D
8D8013F19914149F58041C285F05,18C29C801CCF20
8D8013F1585587C0D6149C5A872A,18C2AE61D69321
8D8013F19914149F58041C285F05,18C2C1ADE3732E
8D8013F1F82300020049BC05CD5E,18C2E1DDCA8D3A
8D8013F19914149F58041C285F05,18C2E30EEFAD34
8D8013F1EA1F5858013C08CC403A,18C2E4D8C35A30
8D8013F12218C1F2C7182057DEA3,18C2EA36650317
8D8013F1585580050092939ADA8A,18C2EACEAAE21D
8D8013F19914149F50041C46FD0D,18C302DF6AB92D
8D8013F158558004EC9293CD5403,18C308D55DCA49
8D8013F1585587C07E14989B6590,18C321DE16B922
8D8013F1EA1F5858013C08CC403A,18C33589959317
8D8013F19914149F50041C46FD0D,18C3673C35EE16
8D8013F1585587C03814963D3005,18C37AE732B828
8D8013F1F82300020049BC05CD5E,18C3870C59F029
8D8013F1EA1F5858013C08CC403A,18C388D5F74B27
8D8013F19914149F50081C0EA70D,18C3896EE00225
8D8013F19914149F50041C46FD0D,18C3A1469E1D33
8D8013F19914149F58041C285F05,18C3C4AA0F0423
8D8013F19914149F50041C46FD0D,18C3FB807A9620
8D8013F15855800424928BC39A40,18C4067479C024
8D8013F19914149F58041C285F05,18C42277DD0E35
8D8013F12218C1F2C7182057DEA3,18C42310995622
8D8013F1585580040A928A3B49EE,18C426A41C4F76
8D8013F1EA1F5858013C08CC403A,18C4273D2A8F23
8D8013F19914149F50041C46FD0D,18C44117261822
8D8013F158558003F092899A9D09,18C448D6F08F27
8D8013F19914149F50041C46FD0D,18C485438EAB18
8D8013F1585587BF68148ED96718,18C48B39BEC537
8D8013F1F82300020049BC05CD5E,18C4BAE8E1BF19
8D8013F1EA1F5858013C08CC403A,18C4C8D77C161F
8D8013F158558003869285A4ECBE,18C4CE34C8F71E
8D8013F19914149F50041C46FD0D,18C504133BA017
8D8013F1585587BEFE148AE91B46,18C5109771561E
8D8013F1E1021F0000000021B5E8,18C52DCC72DC3A
8D8013F19914149F58041C285F05,18C537EE7B4019
8D8013F1585587BECE1488713F64,18C551C8EFE11F
8D8013F19914149F50041C46FD0D,18C5870E9F2D23
8D8013F1585587BEA01486FCB4D0,18C58BD37E3545
8D8013F19914149F58041C285F05,18C5CC6C95101D
8D8013F158558002BC927D67F7FA,18C5CD9D8EBC21
8D8013F1EA1F5858013C08CC403A,18C60676FE771F
8D8013F1F82300020049BC05CD5E,18C60A0A389F21
8D8013F1585587BE3E14828997D5,18C60AA2D95122
8D8013F19914149F58041C285F05,18C60F67DA3820
8D8013F1585587BE201481E96059,18C62D358AE72C
8D8013F1585587BE0C1481F5EF7C,18C64B3BBD1629
8D8013F1EA1F5858013C08CC403A,18C6572782DF35
8D8013F1E1021F0000000021B5E8,18C67921B8C02F
8D8013F1585580022492773E7938,18C68D9E8F9226
8D8013F19914149F58041C285F05,18C698F19B0622
8D8013F1EA1F5858013C08CC403A,18C6A313BD5A21
8D8013F158558001F8927659C127,18C6C8414C161C
8D8013F19914149F50041C46FD0D,18C6D3951BC625
8D8013F1585587BD7C147B9EE05D,18C7037D76801D
8D8013F19914149F50041C46FD0D,18C718F238601F
8D8013F1EA1F5858013C08CC403A,18C74415DC8A1C
8D8013F1F82300020049BC05CD5E,18C7500214461E
8D8013F1585587BD1414773F8E74,18C78973FC9A28
8D8013F19914149F58081C600505,18C79B55B1F920
8D8013F1585587BCE61475F70378,18C7C37E65931C
8D8013F1E1021F0000000021B5E8,18C7C8DB407119
8D8013F19914149F50081C0EA70D,18C7E14BC93B1F
8D8013F1EA1F5858013C08CC403A,18C7E4DF09FB27
8D8013F158558000FC926C45E1DF,18C8067979E71C
8D8013F19914149F50041C46FD0D,18C821E4B9A31F
8D8013F1585587BC841472DCFFA5,18C84417190122
8D8013F19914149F50041C46FD0D,18C86B6E236823
8D8013F1EA1F5858013C08CC403A,18C8884395D821
8D8013F19914149F50081C0EA70D,18C88C7002433C
8D8013F1F82300020049BC05CD5E,18C892FE3F4A1F
8D8013F1585580007C9267507D0C,18C8A6A9B8D51B
8D8013F19914149F50041C46FD0D,18C8AC9F9F2424
8D8013F1585580006492661C6F1D,18C8C712C4E228
8D8013F1EA1F5858013C08CC403A,18C8D8F46A5319
8D8013F1585580004A9265E4A0A8,18C8E611792015
8D8013F19914149F50041C46FD0D,18C8EC0757DE2C
8D8013F1585580003292646736C2,18C908442E9D2D
8D8013F1E1021F0000000021B5E8,18C90BD7C6C420
8D8013F19914149F50081C0EA70D,18C911CDA1E846
8D8013F12218C1F2C7182057DEA3,18C914C8D3E532
8D8013F1EA1F5858013C08CC403A,18C926AA5C5833
8D8013F158558000149263F16349,18C92A3E4AAD23
8D8013F19914149F50041C46FD0D,18C93164F91930
8D8013F1F82300020049BC05CD5E,18C9329622601B
8D8013F1585583FFFA9262DEADC6,18C94C70F09A36
8D8013F19914149F58081C600505,18C9509CBE061E
8D8013F19914149F50081C0EA70D,18C971FDE0C636
8D8013F1585583FFC892605D2166,18C98C71453337
8D8013F19914149F500C1C36910D,18C99692FCD620
8D8013F1585587BB6814678C5221,18C9AF033E951F
8D8013F19914149F50081C0EA70D,18C9B6C2DF8B2E
8D8013F1EA1F5858013C08CC403A,18C9C5E2B1BE33
8D8013F1585587BB561466A9C59F,18C9CB40225432
8D8013F1F82300020049BC05CD5E,18C9D98E3E8339
8D8013F1585583FF7C925DE6D1CD,18C9EAD76ADF20
8D8013F19914149F50081C0EA70D,18C9FAEF617236
8D8013F1585583FF68925D0CC4D9,18CA0845A1D43A
8D8013F19914149F50041C46FD0D,18CA1C8994071E
8D8013F19914149F50081C0EA70D,18CA3461276830
8D8013F1585583FF36925B190738,18CA47AD32C22F
8D8013F1E1021F0000000021B5E8,18CA54CA593D3C
8D8013F19914149F50081C0EA70D,18CA5AC03E542D
8D8013F12218C1F2C7182057DEA3,18CA5B59023D31
8D8013F1EA1F5858013C08CC403A,18CA6449E1E631
8D8013F1585587BAD814622A5FD9,18CA69A6DB1926
8D8013F19914149F50041C46FD0D,18CA74FA1F6137
8D8013F1F82300020049BC05CD5E,18CA7926941920
8D8013F1585583FF029259B6721E,18CA867C987C4F
8D8013F19914149F50041C46FD0D,18CA9A27F8841C
8D8013F1585583FEEA925829599A,18CAA44A25E41E
8D8013F1EA1F5858013C08CC403A,18CAB03603C926
8D8013F19914149F50041C46FD0D,18CAB6C4219030
8D8013F1585583FED692571732E7,18CAC2E952DB2A
8D8013F19914149F50041C46FD0D,18CAFA581B3F2F
8D8013F1EA1F5858013C08CC403A,18CB05E4552D29
8D8013F1F82300020049BC05CD5E,18CB1C8AC69B22
8D8013F19914149F58041C285F05,18CB1E54DEC332
8D8013F1585583FE849254A4CE35,18CB24E30B6F1B
8D8013F19914149F50041C46FD0D,18CB41203B992D
8D8013F1585587BA2C145B1B6F16,18CB4BDAC50F2E
8D8013F19914149F58081C600505,18CB8251665625
8D8013F1585583FE349251293E9E,18CB8DA496E726
8D8013F1E1021F0000000021B5E8,18CB9564D3CF16
8D8013F12218C1F2C7182057DEA3,18CB95FD5FA142
8D8013F19914149F58081C600505,18CB9AC1A92F2C
8D8013F19914149F58041C285F05,18CBB299644C27
8D8013F1F82300020049BC05CD5E,18CBB4FBAE8D17
8D8013F1EA1F5858013C08CC403A,18CBF299AEB317
8D8013F19914149F58041C285F05,18CBF463592D22
8D8013F1585587B99614569FE2AE,18CC0979A2C42B
8D8013F19914149F58041C285F05,18CC2C0B73DE26
8D8013F1EA1F5858013C08CC403A,18CC438409D925
8D8013F1585583FDA2924CB1DCDB,18CC48E0E99928
8D8013F1F82300020049BC05CD5E,18CC572F38612D
8D8013F1585587B938145272F992,18CC84B4FDC829
8D8013F19914149F50041C46FD0D,18CC8AAB00E615
8D8013F19914149F58081C600505,18CCA61622F949
8D8013F1585587B9061450A8863E,18CCC4B5560A2B
8D8013F12218C1F2C7182057DEA3,18CCCBDC8EB42D
8D8013F1585583FD289247D14A82,18CCE020882934
8D8013F1EA1F5858013C08CC403A,18CCE152071228
8D8013F19914149F58081C600505,18CCE9A9EF5E2D
8D8013F1585587B8D4144E25DF99,18CD054E4A8829
8D8013F19914149F58081C600505,18CD08E22A3720
8D8013F19914149F58041C285F05,18CD27486ABF33
8D8013F1585587B8A2144C1BFA6F,18CD44B5EB6430
8D8013F19914149F50041C46FD0D,18CD63B4B3F52D
8D8013F1EA1F5858013C08CC403A,18CD82EC8D262D
8D8013F1585587B870144ABDCE2F,18CD85E77C102F
8D8013F1F82300020049BC05CD5E,18CD9C8DE4B328
8D8013F1585583FC6C9240B8CEA3,18CDCC7695AC20
8D8013F19914149F50081C0EA70D,18CDF2037D3C2A
8D8013F12218C1F2C7182057DEA3,18CE0ED8F8A529
8D8013F1E1021F0000000021B5E8,18CE20BABBB017
8D8013F1EA1F5858013C08CC403A,18CE2153C5D92D
8D8013F19914149F50041C46FD0D,18CE2E70376C31
8D8013F1F82300020049BC05CD5E,18CE37618A7030
8D8013F19914149F50041C46FD0D,18CE500A79B012
8D8013F1585587B7CC1444E5B9DE,18CE5568156D2E
8D8013F19914149F50041C46FD0D,18CE6FA1C05730
8D8013F19914149F58041C285F05,18CE8C778B1819
8D8013F1585587B7961442C72B3B,18CE9BF6D2D038
8D8013F19914149F50041C46FD0D,18CEAD400A672D
8D8013F19914149F50041C46FD0D,18CED1D4CFCC17
8D8013F1585587B76A144199F4E3,18CED7CABD6E2B
8D8013F1F82300020049BC05CD5E,18CED99489A824
8D8013F19914149F50041C46FD0D,18CEE9ACDFB029
8D8013F1EA1F5858013C08CC403A,18CF17327B0916
8D8013F19914149F50041C46FD0D,18CF29142E742C
8D8013F1585583FB34923450B86E,18CF5A2DBF3731
8D8013F19914149F58041C285F05,18CF631EAEBF31
8D8013F1EA1F5858013C08CC403A,18CF6619867730
8D8013F1E1021F0000000021B5E8,18CF6B76EA0D29
8D8013F1F82300020049BC05CD5E,18CF7762AB0343
8D8013F1585583FB009232FFF57E,18CF9A2E081731
8D8013F19914149F58041C285F05,18CFA0BC90CE33
8D8013F1EA1F5858013C08CC403A,18CFB6322ABE1C
8D8013F1585583FAE2923115C86B,18CFC1BE46A438
8D8013F19914149F58041C285F05,18CFC4B934C312
8D8013F19914149F78081C25792C,18CFDD294D3F35
8D8013F1585583FAC89230DA4AC1,18CFE02454832C
8D8013F1EA1F5858013C08CC403A,18D00A16C6CB38
8D8013F1F82300020049BC05CD5E,18D01EF359FD36
8D8013F1585587B6661437E97C99,18D021EE662338
8D8013F19914149F50041C46FD0D,18D0231F875C3B
8D8013F1585583FA78922D572ADE,18D0484D411F39
8D8013F1EA1F5858013C08CC403A,18D05B6083901B
8D8013F19914149F58081C600505,18D06287508039
8D8013F1585583FA5A922CF60A7C,18D06A4745623A
8D8013F12218C1F2C7182057DEA3,18D085EB34B337
8D8013F19914149F58081C600505,18D0897F3DE320
8D8013F1585587B61214343305E4,18D091D7092219
8D8013F1EA1F5858013C08CC403A,18D0AADFEECE36
8D8013F19914149F58041C285F05,18D0AC10EF4F3C
8D8013F1585587B5FA1433FBF0EB,18D0AE73732E3E
8D8013F1E1021F0000000021B5E8,18D0B03D819218
8D8013F1F82300020049BC05CD5E,18D0C1BF689F1B
8D8013F19914149F50041C46FD0D,18D0CBE183221C
8D8013F1585583FA08922945D283,18D0D30897D928
8D8013F19914149F50041C46FD0D,18D0ED42DA0242
8D8013F1585583F9F092285047B1,18D0F03DCA243D
8D8013F19914149F50081C0EA70D,18D10F75C7F41D
8D8013F1585583F9D69227C66256,18D1127099FF1E
8D8013F19914149F50041C46FD0D,18D12D432E1D3F
8D8013F1585587B590142F41D698,18D133D1629937
8D8013F1EA1F5858013C08CC403A,18D14AB0E5723C
8D8013F19914149F50041C46FD0D,18D15270F00F18
8D8013F1F82300020049BC05CD5E,18D164EAED4137
8D8013F19914149F50041C46FD0D,18D16AE0CC3D35
8D8013F1585583F98A922437C50A,18D172A07FC13A
8D8013F1EA1F5858013C08CC403A,18D19997E1011B
8D8013F19914149F50081C0EA70D,18D1A7E684423E
8D8013F1585583F9529222E4FBC0,18D1B896BB9331
8D8013F12218C1F2C7182057DEA3,18D1C1282DA719
8D8013F19914149F50081C0EA70D,18D1CC7B9B4121
8D8013F1585587B510142A541E0A,18D1DD2BCDC020
8D8013F1EA1F5858013C08CC403A,18D1E87F1D5238
8D8013F19914149F50081C0EA70D,18D1E917AC4138
8D8013F1E1021F0000000021B5E8,18D1F33A2F0435
8D8013F19914149F50081C0EA70D,18D20F76DD0E1F
8D8013F19914149F50081C0EA70D,18D227E6CA5433
8D8013F1585583F8E8921EC959BF,18D242F27A4D39
8D8013F19914149F50081C0EA70D,18D2468656521D
8D8013F1585583F8D4921E08928A,18D25ACA21751D
8D8013F19914149F50041C46FD0D,18D260274F9332
8D8013F1585583F8B6921CDCA268,18D28128F95433
8D8013F1EA1F5858013C08CC403A,18D28B4B472C3A
8D8013F1585587B47A14253ACDE0,18D29B634D9D18
8D8013F19914149F50081C0EA70D,18D2A027B01233
8D8013F1F82300020049BC05CD5E,18D2A5852FBC34
8D8013F1585583F884921BA0E2F7,18D2C09107422E
8D8013F19914149F50081C0EA70D,18D2E28A921E33
8D8013F1585583F85092192A1707,18D302F36E512F
8D8013F12218C1F2C7182057DEA3,18D30424BCB42E
8D8013F19914149F50041C46FD0D,18D30555AD9620
8D8013F1585583F838921874C57D,18D320C0F27218
8D8013F19914149F50081C0EA70D,18D3215A08A236
8D8013F1EA1F5858013C08CC403A,18D329B1DC6C36
8D8013F1585587B3FA1420FCF7CB,18D344BDA01C38
8D8013F19914149F50041C46FD0D,18D347B869AB16
8D8013F1F82300020049BC05CD5E,18D34BE49AB318
8D8013F1585587B3E0141FAA3871,18D36323954333
8D8013F19914149F50041C46FD0D,18D3661E9C3931
8D8013F1EA1F5858013C08CC403A,18D37AFBB8DE17
8D8013F1585583F7EC9215727CED,18D381C2D8AF2E
8D8013F19914159F50041C45F7C3,18D3A919DB9426
8D8013F1585583F7BA9213091D04,18D3C12A8E4C28
8D8013F1EA1F5858013C08CC403A,18D3CE4789902A
8D8013F1F82300020049BC05CD5E,18D3EF10125529
8D8013F19914159F58041C2B55CB,18D3F0418E602C
8D8013F19914159F58041C2B55CB,18D4143DC96A28
8D8013F19914159F58081C630FCB,18D42C15654725
8D8013F1585587B33C1418B1A3B6,18D4359EDA7622
8D8013F1E1021F0000000021B5E8,18D469B3C41825
8D8013F1EA1F5858013C08CC403A,18D46CAE51C726
8D8013F1585583F6FE920C600991,18D4ACAE99EB26
8D8013F19914159F78081C2673E2,18D4B0DABECE27
8D8013F1EA1F5858013C08CC403A,18D4C1C46F9B35
8D8013F1585583F6E4920B37972F,18D4CC7F574015
8D8013F1585583F6CC920AE3BD07,18D4EB7DC0D831
8D8013F19914159F78041C6E29E2,18D4F0DB13A530
8D8013F1585587B2921412771198,18D51012E7B51F
8D8013F1EA1F5858013C08CC403A,18D512759D622E
8D8013F1585583F6989208834C5A,18D52AE591112F
8D8013F19914159F78081C2673E2,18D52F11AD582D
8D8013F1F82300020049BC05CD5E,18D530DB5E3B2D
8D8013F1585583F6809207CF0A0A,18D54DB0E07915
8D8013F19914159F78081C2673E2,18D550133DC515
8D8013F1585587B24E140F6C06F0,18D56752BC0B30
8D8013F19914159F78081C2673E2,18D570436D1336
8D8013F12218C1F2C7182057DEA3,18D5838F6B8C35
8D8013F1585587B234140EF43818,18D58A1D9ECF1C
8D8013F19914159F78081C2673E2,18D596A2042035
8D8013F1585583F6349204758F88,18D5ACAFE3342F
8D8013F1EA1F5858013C08CC403A,18D5B20D6ED42F
8D8013F19914159F78081C2673E2,18D5B5A0CC6334
8D8013F1F82300020049BC05CD5E,18D5D30ECF671C
8D8013F1585583F61692022B7F0E,18D5D3A7643124
8D8013F1EA1F5858013C08CC403A,18D6068B061739
8D8013F19914159F70041C008BEA,18D6199DB2B03A
8D8013F1585583F5C491FF19668D,18D636D2A4492D
8D8013F19914159F78081C2673E2,18D63A66263829
8D8013F1EA1F5858013C08CC403A,18D654D9310B27
8D8013F1F82300020049BC05CD5E,18D670DCFD5446
8D8013F1585583F59691FD556E56,18D672A6BAD926
8D8013F19914159F70041C008BEA,18D67B97B1F226
8D8013F1585587B15014058F72EC,18D6AF138A4624
8D8013F19914159F78081C2673E2,18D6B470E07E41
8D8013F19914159F78041C6E29E2,18D6EE7B384120
8D8013F1585587B11814036B0C9B,18D6F471217F1E
8D8013F1EA1F5858013C08CC403A,18D6F509C76024
8D8013F1E1021F0000000021B5E8,18D6F63B3B1D21
8D8013F1585583F4FE91F7DFD901,18D730DDE92B21
8D8013F19914159F70081C48D1EA,18D73340C3B51E
8D8013F1585587B0BE13FFECBCD8,18D769B714D91E
8D8013F19914159F70041C008BEA,18D76CB213E026
8D8013F1EA1F5858013C08CC403A,18D7960C234A1E
8D8013F1585583F4A491F40287DB,18D7A623DE4B1C
8D8013F1F82300020049BC05CD5E,18D7B63C313522
8D8013F1585587B05C13FC2D7C9E,18D7E755B67F2D
8D8013F12218C1F2C7182057DEA3,18D7F805EF662F
8D8013F1585583F43E91F040F5DA,18D8262481702D
8D8013F19914159F70041C008BEA,18D82DE4384F2E
8D8013F1F82300020049BC05CD5E,18D85574C7EA16
8D8013F1585587AFFC13F84E192F,18D863C264A830
8D8013F19914159F70041C008BEA,18D871780E9830
8D8013F19914159F78041C6E29E2,18D8A9B8BE912C
8D8013F1585587AF8E13F447399C,18D8EE7DC02526
8D8013F19914159F78081C2673E2,18D8EF1659D12F
8D8013F1F82300020049BC05CD5E,18D8F6D5FEDE2C
8D8013F19914159F70081C48D1EA,18D930E06AF428
8D8013F1585583F36891E8E8D213,18D93211AFD122
8D8013F1E1021F0000000021B5E8,18D97179570646
8D8013F19914159F78081C2673E2,18D9734394B825
8D8013F1EA1F5858013C08CC403A,18D97939518622
8D8013F1585587AEFA13EE49D90F,18D9AD4DFBAD24
8D8013F1585587AEC813ECCA55AF,18D9EF17904D21
8D8013F1585583F29E91E017626C,18DA3212E9F722
8D8013F19914159F78041C6E29E2,18DA36D7914523
8D8013F1F82300020049BC05CD5E,18DA40019BBE29
8D8013F1585587AE6813E865151D,18DA6922450628
8D8013F19914159F78041C6E29E2,18DA6CB5D0F728
8D8013F12218C1F2C7182057DEA3,18DA8690A8C731
8D8013F1585583F25C91DD92AB2A,18DA87294D9F10
8D8013F19914159F70041C008BEA,18DA8ABC7F3C25
8D8013F19914159F70041C008BEA,18DAC2FD11AA10
8D8013F1585583F22A91DBACB6EA,18DAC690F11B16
8D8013F19914159F70041C008BEA,18DADF00E7792C
8D8013F1585583F21091DABE7050,18DAE6C08EB82B
8D8013F1585583F1F891D976BD69,18DB08F34AAD15
8D8013F19914159F70081C48D1EA,18DB161058FD27
8D8013F1585587ADD413E232B107,18DB2759CC2633
8D8013F1585583F1C491D7B7221D,18DB47C27C382B
8D8013F19914159F70041C008BEA,18DB4BEEDB1731
8D8013F1EA1F5858013C08CC403A,18DB5B6E4BD330
8D8013F1585587ADA213E00C94F1,18DB69BC208930
8D8013F19914159F70041C008BEA,18DB6F19792215
8D8013F1F82300020049BC05CD5E,18DB84C828562B
8D8013F19914159F70081C48D1EA,18DB96110BF12E
8D8013F1585583F17491D43AF69B,18DBAA5558F62F
8D8013F1EA1F5858013C08CC403A,18DBAAEE08CA12
8D8013F19914159F70081C48D1EA,18DBD7DB2E7A31
8D8013F1585583F13C91D2DE88EC,18DBF2157E5E30
8D8013F19914159F70041C008BEA,18DBF641809522
8D8013F1EA1F5858013C08CC403A,18DBFA6D77FF32
8D8013F1E1021F0000000021B5E8,18DC02660E7C36
8D8013F1585587AD1C13DBC24AFD,18DC16AA64D71E
8D8013F1585583F10491D0280EC6,18DC3641D0C93A
8D8013F19914159F700C1C70E7EA,18DC38A3EE1D14
8D8013F1EA1F5858013C08CC403A,18DC4DB9932812
8D8013F1585583F0F091CF3326C7,18DC527EAFF432
8D8013F1585583F0D691CEA55761,18DC70E475CE2C
8D8013F19914159F70041C008BEA,18DC7B06AF2438
8D8013F1EA1F5858013C08CC403A,18DC9AD6EC0E30
8D8013F19914159F70041C008BEA,18DC9F030CF930
8D8013F1585583F0A491CCAC2393,18DCB04C838D34
8D8013F1F82300020049BC05CD5E,18DCB9D5D0B22E
8D8013F19914159F70081C48D1EA,18DCC266FA7216
8D8013F19914159F50081C0DADC3,18DCE4F9601B2C
8D8013F1585583F06C91CAA25949,18DCF6431CC131
8D8013F12218C1F2C7182057DEA3,18DD1317E18B2E
8D8013F19914159F58041C2B55CB,18DD275C47F432
8D8013F1585583F03E91C8EE5192,18DD30E565FA2E
8D8013F1EA1F5858013C08CC403A,18DD380D125D33
8D8013F1E1021F0000000021B5E8,18DD4431771133
8D8013F1585587AC2213D133B86E,18DD557AE0386E
8D8013F19914159F50041C45F7C3,18DD6297877133
8D8013F1585583F00C91C66D9568,18DD721703E52A
8D8013F19914159F58041C2B55CB,18DDA1FF54EA28
8D8013F1585583EFD491C472B697,18DDB8A5CC732E
8D8013F19914159F58041C2B55CB,18DDC1CFA42319
8D8013F1EA1F5858013C08CC403A,18DDD6AC59C12D
8D8013F19914159F58041C2B55CB,18DDDDD36D6F2E
8D8013F19914159F58041C2B55CB,18DDFA7035F722
8D8013F1F82300020049BC05CD5E,18DDFB08813530
8D8013F1585583EF8891C18335E6,18DE1876C0D433
8D8013F19914159F78041C6E29E2,18DE21679F452B
8D8013F1585587AB7013CBACD2B8,18DE400697CE2C
8D8013F19914149F78081C25792C,18DE5AD917D728
8D8013F1585583EF5291BF4971CA,18DE60CEF52D2A
8D8013F1EA1F5858013C08CC403A,18DE73E201AA2B
8D8013F1E1021F0000000021B5E8,18DE8F86AEAD28
8D8013F19914149F78081C25792C,18DE9D3BD48827
8D8013F1585587AB2013C7FB26A0,18DEA200823F3E
8D8013F19914149F78041C6D232C,18DEB80E7E0334
8D8013F1585583EF0691BCD6749E,18DEC1D0EADC28
8D8013F1EA1F5858013C08CC403A,18DEC4334AE738
8D8013F19914149F70041C038124,18DED6AD9B5A23
8D8013F1EA1F5858013C08CC403A,18DF13B2EBF91E
8D8013F19914149F78081C25792C,18DF161551541F
8D8013F1F82300020049BC05CD5E,18DF4138E9391D
8D8013F19914149F70041C038124,18DF5D3CE7CD28
8D8013F1EA1F5858013C08CC403A,18DF60D03A6F20
8D8013F1585583EE7891B7528A56,18DF721962182A
8D8013F19914149F78041C6D232C,18DF7940D48F11
8D8013F12218C1F2C7182057DEA3,18DF9CA484C12A
8D8013F1585587AA4E13C0A2D422,18DFAE86350F27
8D8013F1EA1F5858013C08CC403A,18DFAF1ECFA624
8D8013F1585583EE3091B449381E,18DFCC8D209B39
8D8013F19914149F78041C6D232C,18DFD87953B421
8D8013F1585583EE1891B39D361B,18DFEAF2F3B326
8D8013F19914149F70041C038124,18E01911988A26
8D8013F1585587A9EC13BC68E983,18E02FB824941E
8D8013F1EA1F5858013C08CC403A,18E050B997B51B
8D8013F19914149F78081C25792C,18E057E0D3CA1B
8D8013F1585583EDAE91AFBF5C7E,18E070E9765221
8D8013F1F82300020049BC05CD5E,18E084CE222F1C
8D8013F19914149F70081C4BDB24,18E09ADBE5011B
8D8013F19914149F78041C6D232C,18E0DA439DD930
8D8013F1EA1F5858013C08CC403A,18E0EDEF29A43B
8D8013F19914149F50041C46FD0D,18E11E7070DE33
8D8013F1585583ED1091A98F1F49,18E1364814BA19
8D8013F19914149F50041C46FD0D,18E15C0E0BD21D
8D8013F1585583ECDE91A786112A,18E17648645121
8D8013F1EA1F5858013C08CC403A,18E18DC027AB25
8D8013F1585583ECC491A6D1ABB9,18E199136D7915
8D8013F19914149F50041C46FD0D,18E1A335B8D125
8D8013F1585587A8BC13B014E0C8,18E1B3E61E562B
8D8013F19914149F58041C285F05,18E1BB0D3FCE34
8D8013F1F82300020049BC05CD5E,18E1C732392129
8D8013F1585583EC9691A49DA362,18E1D4E7855116
8D8013F1EA1F5858013C08CC403A,18E1DCA751BC2D
8D8013F19914149F58041C285F05,18E1DF09A28531
8D8013F1585583EC7891A305A81E,18E1F812697E2E
8D8013F19914149F50041C46FD0D,18E1F8AB2A7932
8D8013F12218C1F2C7182057DEA3,18E2144F748C35
8D8013F19914149F50081C0EA70D,18E216B1BC1D30
8D8013F1585583EC5A91A2A488BC,18E21F09F31632
8D8013F1EA1F5858013C08CC403A,18E22D5872A22A
8D8013F19914149F58041C285F05,18E23812BD1C1F
8D8013F1585587A85413AC5F6A94,18E2400B9C1B2A
8D8013F19914149F58041C285F05,18E25E72066225
8D8013F1F82300020049BC05CD5E,18E2616D4D6F22
8D8013F1585587A82613ABA9D259,18E2751826C22D
8D8013F19914149F50081C0EA70D,18E276E201E110
8D8013F19914149F58041C285F05,18E29914B6B22C
8D8013F1585583EBEC919E28D625,18E2AC279BF02F
8D8013F1585583EBD6919D3A0C84,18E2C86467841D
8D8013F1EA1F5858013C08CC403A,18E2D286D6FE33
8D8013F19914149F50041C46FD0D,18E2D87CB73235
8D8013F1585583EBBE919C64DEFE,18E2E468841032
8D8013F19914149F50041C46FD0D,18E2F9DD7AAB1B
8D8013F1585587A7BA13A7B4C59A,18E304D14A0B29
8D8013F1F82300020049BC05CD5E,18E30864B8B139
8D8013F19914149F50041C46FD0D,18E319ADE1E13B
8D8013F1585583EB90919A63DD74,18E31E72F0B331
8D8013F19914149F58041C285F05,18E340A5B65D1C
8D8013F1585587A77813A43079F5,18E3558268512B
8D8013F12218C1F2C7182057DEA3,18E357E4726C3B
8D8013F19914149F58041C285F05,18E3629F0D292A
8D8013F1EA1F5858013C08CC403A,18E3721E6B952D
8D8013F19914149F50041C46FD0D,18E3826FEAB720
8D8013F1585583EB3691971FE025,18E394E9C87B33
8D8013F19914149F58041C285F05,18E3A03D07F02D
8D8013F1F82300020049BC05CD5E,18E3A0D5A54632
8D8013F1E1021F0000000021B5E8,18E3A764973624
8D8013F1585583EB169196A56805,18E3B77C2E9118
8D8013F1EA1F5858013C08CC403A,18E3C3A1474344
8D8013F19914149F50041C46FD0D,18E3DB78F14925
8D8013F1585583EAF8919516A61C,18E3DE73DB9027
8D8013F19914149F58041C285F05,18E416B4282B1C
8D8013F1585587A6DE139E9948BB,18E41C11866219
8D8013F1F82300020049BC05CD5E,18E438ADD51718
8D8013F19914149F50041C46FD0D,18E457E60C8520
8D8013F12218C1F2C7182057DEA3,18E48DC3F9B216
8D8013F1585583EA62918F546084,18E4A0D6D43114
8D8013F1EA1F5858013C08CC403A,18E4AD5BF5AE18
8D8013F19914149F58041C285F05,18E4D4EB6B4E13
8D8013F1585587A644139924D2A8,18E4E3D2593132
8D8013F1EA1F5858013C08CC403A,18E551F1165221
8D8013F1585587A5DC1395017FB2,18E56766BD0424
8D8013F1F82300020049BC05CD5E,18E57A7931B51D
8D8013F19914149F58041C285F05,18E59DDD2BF020
8D8013F1585587A5B01393972CE8,18E5A171083421
8D8013F1EA1F5858013C08CC403A,18E5EE8E13F415
8D8013F1585583E93291837F9369,18E6204084C319
8D8013F1E1021F0000000021B5E8,18E62C2BED4817
8D8013F1585583E900918203F7DB,18E660D9269D19
8D8013F19914149F50041C46FD0D,18E66D5DF22A1C
8D8013F1EA1F5858013C08CC403A,18E68C959C4C1B
8D8013F19914149F50041C46FD0D,18E6B0590DF020
8D8013F1F82300020049BC05CD5E,18E6B222AEB61E
8D8013F19914149F50081C0EA70D,18E6EAFBBBEE3E
8D8013F19914149F50041C46FD0D,18E73059ACFF2D
8D8013F1585587A45A1386137700,18E75D46C4F33F
8D8013F1F82300020049BC05CD5E,18E7EFC1C16535
8D8013F19914149F50041C46FD0D,18E7F8B2A05217
8D8013F1585587A3C41380B5BAA7,18E81C16812A19
8D8013F19914149F50041C46FD0D,18E8394BF3E91B
8D8013F1585583E77091724C8203,18E859B46A8C1F
8D8013F1EA1F5858013C08CC403A,18E866D16F563A
8D8013F19914149F58041C285F05,18E8873A792126
8D8013F1585587A362137DCC233E,18E89CAFB6B928
8D8013F1E1021F0000000021B5E8,18E8ACC7CC9A1D
8D8013F1585587A330137B8013D3,18E8DCB0005429
8D8013F19914149F58041C285F05,18E907D3E2522B
8D8013F1585587A2FE13798955EA,18E91DE18AF52D
8D8013F1F82300020049BC05CD5E,18E92C2FA86C2C
8D8013F19914149F50041C46FD0D,18E94D31B66541
8D8013F1585587A2C813773DC014,18E9620E014325
8D8013F19914149F50041C46FD0D,18E98DCA447921
8D8013F12218C1F2C7182057DEA3,18E993C05AF024
8D8013F1585587A2961375283BC3,18E9A20E3C9722
8D8013F1EA1F5858013C08CC403A,18E9A935660E1F
8D8013F19914149F58041C285F05,18E9D28FA19A22
8D8013F1585583E63E916750F06B,18E9E0DD69DC1D
8D8013F1585587A2381371C520FF,18EA1DE2C49E1E
8D8013F1EA1F5858013C08CC403A,18EA4C9A4CDC1B
8D8013F19914149F58041C285F05,18EA502D89F219
8D8013F1F82300020049BC05CD5E,18EA6FC4DA5D22
8D8013F19914149F58041C285F05,18EA90C66BD320
8D8013F1585587A1D4136DC5FC52,18EA9C19AF301B
8D8013F19914149F58081C600505,18EAD290DA8721
8D8013F19914149F58041C285F05,18EB16246E6820
8D8013F1585583E542915D6689E6,18EB1F1535A723
8D8013F1E1021F0000000021B5E8,18EB38B6C42323
8D8013F19914149F58041C285F05,18EB5887614D1C
8D8013F1585587A13A13685DEB35,18EB6178671B24
8D8013F1585587A10A1366C5874D,18EBA341F5721C
8D8013F1F82300020049BC05CD5E,18EBAD64876818
8D8013F19914149F50041C46FD0D,18EBCE6597E61C
8D8013F1585587A0DC13647F276C,18EBDD4C6C081C
8D8013F12218C1F2C7182057DEA3,18EC060DA72E24
8D8013F19914149F58041C285F05,18EC102FB29F1C
8D8013F1585583E4789155A0366A,18EC1F167B851F
8D8013F1EA1F5858013C08CC403A,18EC2938834C21
8D8013F19914149F50081C0EA70D,18EC47D7F1D019
8D8013F1585583E444915361D972,18EC5E7E86A418
8D8013F19914149F50041C46FD0D,18EC8575B94220
8D8013F1585583E4189152906235,18EC9A526F4E1D
8D8013F1EA1F5858013C08CC403A,18ECCC04EB4824
8D8013F1585583E3E49150E2BB5D,18ECDA52E85621
8D8013F19914159F58041C2B55CB,18ECE0E12FAE30
8D8013F1F82300020049BC05CD5E,18ECE9D222621C
8D8013F19914159F50041C45F7C3,18ED057662FF23
8D8013F19914159F58041C2B55CB,18ED2049277415
8D8013F19914159F58081C630FCB,18ED43143FBF2D
8D8013F12218C1F2C7182057DEA3,18ED43AD658F30
8D8013F19914159F50041C45F7C3,18ED5CB5AC3C17
8D8013F1EA1F5858013C08CC403A,18ED6B03D00C2A
8D8013F19914159F50081C0DADC3,18ED7B1BE5322A
8D8013F1F82300020049BC05CD5E,18ED9032019F15
8D8013F15855879F821357D84A86,18ED9B85234C35
8D8013F19914159F50041C45F7C3,18EDA17B351016
8D8013F1EA1F5858013C08CC403A,18EDB6F009CC35
8D8013F1E1021F0000000021B5E8,18EDC019F4B62D
8D8013F1585583E330914997360B,18EDC314FB1017
8D8013F19914159F58041C2B55CB,18EDC8723A8427
8D8013F15855879F4A1355D6086A,18EDE213B53930
8D8013F19914149F58041C285F05,18EDE77147711C
8D8013F1585583E2F89147B2C1EE,18EE087292A731
8D8013F1EA1F5858013C08CC403A,18EE090B2D6C30
8D8013F19914149F50041C46FD0D,18EE0DCFDA9634
8D8013F1585583E2DE914624B048,18EE2640447E2B
8D8013F19914149F50041C46FD0D,18EE2B9D6D4D49
8D8013F1F82300020049BC05CD5E,18EE32C47D1331
8D8013F19914149F58081C600505,18EE4A3CA64A30
8D8013F15855879EFA1352701989,18EE4B6DDDF919
8D8013F1EA1F5858013C08CC403A,18EE55902D381F
8D8013F19914149F50041C46FD0D,18EE6771E7B81E
8D8013F1585583E2A6914458CE30,18EE6B051D7B31
8D8013F12218C1F2C7182057DEA3,18EE80B3D09734
8D8013F19914149F58041C285F05,18EE8B6E40E934
8D8013F15855879EC4134F5526B5,18EE91FC9DBD1C
8D8013F19914149F58041C285F05,18EEA3DE707728
8D8013F1EA1F5858013C08CC403A,18EEA47744EB34
8D8013F1585583E2709141364366,18EEB193F1D134
8D8013F19914149F50041C46FD0D,18EEC90C1BC439
8D8013F1F82300020049BC05CD5E,18EED629151521
8D8013F19914149F58081C600505,18EEE93BE8FD26
8D8013F15855879E7A134D655DB4,18EEED68BEE03C
8D8013F1EA1F5858013C08CC403A,18EEF35E9E982B
8D8013F1E1021F0000000021B5E8,18EF0611735924
8D8013F15855879E60134C32E727,18EF0F9B5DF721
8D8013F19914149F58041C285F05,18EF25A8C02A46
8D8013F15855879E48134BE6E922,18EF2E0100C73B
8D8013F19914149F58081C600505,18EF44E07CCB40
8D8013F19914149F58081C600505,18EF5E8250CB27
8D8013F15855879E161349F312F5,18EF6FCB0F4B41
8D8013F1F82300020049BC05CD5E,18EF7823DD153F
8D8013F19914149F58041C285F05,18EF7A85D0E83E
8D8013F15855879DFE13483BC3D7,18EF91FDE83E35
8D8013F1EA1F5858013C08CC403A,18EF96C296DF29
8D8013F19914149F50041C46FD0D,18EF9AEEBB0626
8D8013F15855879DE413476C2D05,18EFAFCB6FD93F
8D8013F19914149F58041C285F05,18EFB824184939
8D8013F12218C1F2C7182057DEA3,18EFC01CE4F92A
8D8013F15855879DC61346CD0DA7,18EFD75B77F522
8D8013F19914149F78041C6D232C,18EFDC20386828
8D8013F1EA1F5858013C08CC403A,18EFE5A9A06840
8D8013F19914149F78041C6D232C,18EFF490741C3D
8D8013F15855879DAE134593C3C6,18EFF5C1BA7138
8D8013F15855879D901344B65478,18F01D51B3B72F
8D8013F1EA1F5858013C08CC403A,18F0335FEC742F
8D8013F1585583E13A913648C467,18F0378BBE1641
8D8013F19914159F78041C6E29E2,18F03A86BC523B
8D8013F1E1021F0000000021B5E8,18F04B70A3CF3D
8D8013F19914159F70041C008BEA,18F0588DA4342A
8D8013F19914159F78041C6E29E2,18F079EE7CAC3D
8D8013F1EA1F5858013C08CC403A,18F08875BF9438
8D8013F19914159F78041C6E29E2,18F0A0E625F21F
8D8013F15855879D221340DFF858,18F0A774B7052A
8D8013F1F82300020049BC05CD5E,18F0B4916B7C3B
8D8013F19914159F78041C6E29E2,18F0C7DDBFA73A
8D8013F1585583E0CC913148D450,18F0C87606803A
8D8013F1EA1F5858013C08CC403A,18F0D75CC3BE1D
8D8013F19914149F70041C038124,18F0E34894C22C
8D8013F15855879CF0133E50E32F,18F0E8A5DDCB24
8D8013F12218C1F2C7182057DEA3,18F1044A3BB432
8D8013F19914149F70081C4BDB24,18F1090F129E2F
8D8013F15855879CD8133D84D51C,18F10A402E7735
8D8013F1EA1F5858013C08CC403A,18F12643DB4231
8D8013F15855879CBE133C985CE8,18F1280DA58821
8D8013F1585583E060912DBEF75A,18F14DD3F52F2E
8D8013F1F82300020049BC05CD5E,18F1562C380F22
8D8013F19914149F70041C038124,18F169D7B2561E
8D8013F15855879C88133A2CB97A,18F16D6B914926
8D8013F1EA1F5858013C08CC403A,18F1765C785527
8D8013F19914149F70041C038124,18F186AD818B34
8D8013F1585583E02E912B7670AB,18F18CA3652B35
8D8013F1E1021F0000000021B5E8,18F18F059D5B1F
8D8013F19914159F70081C48D1EA,18F1A218562920
8D8013F15855879C561338D34600,18F1AE04286524
8D8013F19914159F70081C48D1EA,18F1C3B3026337
8D8013F1EA1F5858013C08CC403A,18F1CC0ACE5D38
8D8013F1585583DFF69129E9350B,18F1D299A21638
8D8013F19914159F70081C48D1EA,18F1E3E2695021
8D8013F1585583DFDE91283D1F23,18F1F2C9677F19
8D8013F1F82300020049BC05CD5E,18F1F5C41EAF32
8D8013F19914159F70081C48D1EA,18F204E3F9012F
8D8013F15855879C0613357B4611,18F2162D259C2F
8D8013F1EA1F5858013C08CC403A,18F21C2308BE24
8D8013F19914159F70081C48D1EA,18F226DDD94126
8D8013F12218C1F2C7182057DEA3,18F235C4731826
8D8013F1585583DFA69126412901,18F236F5D2152C
8D8013F19914159F70041C008BEA,18F243B37CC338
8D8013F19914159F70041C008BEA,18F25DED1EA424
8D8013F1EA1F5858013C08CC403A,18F26BA2EF9530
8D8013F1585583DF789124BED67B,18F27067C93D22
8D8013F19914159F78041C6E29E2,18F2778EBEB432
8D8013F1F82300020049BC05CD5E,18F2929A96B718
8D8013F1585583DF4691226491E1,18F2B100583B28
8D8013F19914159F70041C008BEA,18F2B6F653C83A
8D8013F1EA1F5858013C08CC403A,18F2B78EF8A024
8D8013F1E1021F0000000021B5E8,18F2D595D1AE33
8D8013F15855879B72132F8DA968,18F2D62E1EE037
8D8013F19914159F70041C008BEA,18F2DB8BBE1824
8D8013F1585583DF129121FB94B5,18F2F2CA799B22
8D8013F19914159F70041C008BEA,18F2F95948243B
8D8013F1585583DEF4911FD8659F,18F318910FA240
8D8013F19914159F78041C6E29E2,18F31C24548823
8D8013F1F82300020049BC05CD5E,18F33363BC2A3E
8D8013F1585583DEDC911E0C4FB7,18F3365E9EDE22
8D8013F19914159F78041C6E29E2,18F33828291E3C
8D8013F1EA1F5858013C08CC403A,18F356C74E2540
8D8013F1585583DEC2911D6CB83B,18F35A5ADCB740
8D8013F19914159F70041C008BEA,18F35E874F7B30
8D8013F1585583DEA8911C29C2C3,18F378C10A722D
8D8013F19914159F70081C48D1EA,18F381525A493D
8D8013F12218C1F2C7182057DEA3,18F38283A2913B
8D8013F15855879ADC13294B531C,18F39760262338
8D8013F19914159F70041C008BEA,18F39F1FF19425
8D8013F1EA1F5858013C08CC403A,18F3A810B8E23D
8D8013F15855879ABE1328608BEC,18F3B9F2997826
8D8013F19914159F70041C008BEA,18F3C44DB21E3D
8D8013F15855879AAA1327753EB0,18F3D6C7E26742
8D8013F1F82300020049BC05CD5E,18F3D7F912061E
8D8013F19914149F70041C038124,18F3E6DFEEC32F
8D8013F15855879A961327B4F585,18F3EE9F8E7132
8D8013F1EA1F5858013C08CC403A,18F3F95A953624
8D8013F19914149F78041C6D232C,18F40B751CF443
8D8013F15855879A7E1326002352,18F40FA1798044
8D8013F19914149F78041C6D232C,18F42B0C53002F
8D8013F1585583DE169117E63DA7,18F43069F52632
8D8013F19914149F78041C6D232C,18F44749438144
8D8013F1EA1F5858013C08CC403A,18F44D3F252D40
8D8013F15855879A4C132483AFF2,18F44FA1ECAD40
8D8013F19914149F78041C6D232C,18F465AF4C212D
8D8013F15855879A38132359EEB9,18F46811B2372A
8D8013F1F82300020049BC05CD5E,18F46FD15C643E
8D8013F19914149F70081C4BDB24,18F481EC39E33E
8D8013F15855879A1E1322CF9F1F,18F48B75B5E843
8D8013F1EA1F5858013C08CC403A,18F49B8E16FC30
8D8013F19914149F70081C4BDB24,18F4A517085526
8D8013F1585583DDBA91136C89EC,18F4A5AFB0E627
8D8013F1585583DDA091123B337F,18F4C6B18A904A
8D8013F12218C1F2C7182057DEA3,18F4C749E2131F
8D8013F19914149F78041C6D232C,18F4CC0E8C8E43
8D8013F158558799D81320FF8188,18F4E21C711025
8D8013F1EA1F5858013C08CC403A,18F4E812602A3B
8D8013F19914149F70041C038124,18F4EB0D4A9F2E
8D8013F158558799C0131FB2E6B0,18F50580538E40
8D8013F19914149F70081C4BDB24,18F50C0ED19637
8D8013F1F82300020049BC05CD5E,18F514672A302C
8D8013F1585583DD549110F4BAA6,18F525B044AA23
8D8013F19914149F70041C038124,18F52648E56B24
8D8013F1EA1F5858013C08CC403A,18F5382A9F1F31
8D8013F1585587998E131D7A5977,18F544E814D23E
8D8013F1E1021F0000000021B5E8,18F54A45754B3A
8D8013F19914149F78041C6D232C,18F54ADE082235
8D8013F19914149F70041C038124,18F5677AB8BD28
8D8013F1585583DD0E910D2950E5,18F58154E13239
8D8013F19914149F70081C4BDB24,18F58C0F7C0E3B
8D8013F1585583DCF4910C7097F3,18F59FBB02991D
8D8013F19914149F70041C038124,18F5AE09388A1F
8D8013F1F82300020049BC05CD5E,18F5AF3A5BF53A
8D8013F1585587992A1319E248C1,18F5C619D60434
8D8013F19914149F70041C038124,18F5D16D153B30
8D8013F1EA1F5858013C08CC403A,18F5DAF6BEA92A
8D8013F19914149F70041C038124,18F5E9DD690B1B
8D8013F12218C1F2C7182057DEA3,18F5FA8DE73834
8D8013F158558798F413173602B2,18F60C1024F134
8D8013F19914149F70041C038124,18F60DD9E4B730
8D8013F1EA1F5858013C08CC403A,18F62BA7811339
8D8013F158558798D61316972210,18F62E09D13027
8D8013F19914149F78041C6D232C,18F63104E8A116
8D8013F1F82300020049BC05CD5E,18F64D419CC51F
8D8013F158558798BC1315D244F3,18F6503C85D33E
8D8013F19914149F78041C6D232C,18F65632D78E34
8D8013F158558798901313CEEFFB,18F68C10C4BB39
8D8013F1E1021F0000000021B5E8,18F69337E47E1D
8D8013F19914149F78041C6D232C,18F69763FBA53B
8D8013F1585583DC209104FA0E74,18F6ABA81C3A21
8D8013F19914149F78041C6D232C,18F6B2CF3A471C
8D8013F1585583DC0C9103195175,18F6C87E448C38
8D8013F1EA1F5858013C08CC403A,18F6CB78894B39
8D8013F19914149F70041C038124,18F6D03D382B3A
8D8013F158558798441310BBEE02,18F6E946066720
8D8013F1F82300020049BC05CD5E,18F6E9DE9D5534
8D8013F19914149F70041C038124,18F6EBA8D0D426
8D8013F19914149F78041C6D232C,18F709AF54112B
8D8013F19914149F78041C6D232C,18F72A77DDB141
8D8013F12218C1F2C7182057DEA3,18F7461BCEA720
8D8013F158558797FA130D0739BB,18F74A47EA4335
8D8013F19914149F70041C038124,18F74E740ED837
8D8013F19914149F70041C038124,18F7677D316E3D
8D8013F1EA1F5858013C08CC403A,18F76C41A79A37
8D8013F1585583DB7890FE1B27B8,18F7832122643A
8D8013F19914149F70041C038124,18F787E5F33335
8D8013F1F82300020049BC05CD5E,18F78A48467C25
8D8013F1585583DB5E90FD8D4A05,18F79F24E23A27
8D8013F19914149F78081C25792C,18F7A3E9982E28
8D8013F158558797A0130ADA5F57,18F7BB29558142
8D8013F1EA1F5858013C08CC403A,18F7C0BF64F22E
8D8013F19914149F78081C25792C,18F7C1F036173D
8D8013F1E1021F0000000021B5E8,18F7CD43866542
8D8013F1585587978613094C32EA,18F7DCC2D1C628
8D8013F19914149F78041C6D232C,18F7E056654931
8D8013F1585583DB1290FAA1917F,18F800BFB30340
8D8013F19914149F78041C6D232C,18F8061CC3E53C
8D8013F1EA1F5858013C08CC403A,18F810D764CC39
8D8013F19914149F78041C6D232C,18F8251B68C122
8D8013F1F82300020049BC05CD5E,18F8277E263E3B
8D8013F1585587973C1306B4A4BC,18F83B29729E37
8D8013F19914149F78041C6D232C,18F84918008138
8D8013F1585583DAC690F7FF3994,18F85F25D6EA15
8D8013F19914149F70041C038124,18F8664CF71B26
8D8013F19914149F70041C038124,18F88CAC274B42
8D8013F12218C1F2C7182057DEA3,18F88FA721DD3F
8D8013F1585583DA9490F5B3314F,18F89E8DE0152B
8D8013F19914159F78041C6E29E2,18F8A77EE9FB31
8D8013F1EA1F5858013C08CC403A,18F8AD74AE5B47
8D8013F19914159F70041C008BEA,18F8C4EC6EC63F
8D8013F158558796D41302D44307,18F8C58510C03D
8D8013F1F82300020049BC05CD5E,18F8CB7B16CC28
8D8013F19914159F78041C6E29E2,18F8E64D9DF92C
8D8013F158558796B61301FF87EC,18F8E8176AB12C
8D8013F1EA1F5858013C08CC403A,18F8F9F91E9930
8D8013F1585583DA4290F2DDA002,18F907E7BAF338
8D8013F19914159F78081C2673E2,18F90A4A2B8840
8D8013F1585587968412FF77EA5E,18F92948DF972C
8D8013F19914159F78081C2673E2,18F92BAB2E7B29
8D8013F1585587966A12FEEFC50F,18F94B7BB2ED3A
8D8013F19914159F78081C2673E2,18F94C142B273F
8D8013F1EA1F5858013C08CC403A,18F94CAD23013E
8D8013F1F82300020049BC05CD5E,18F963EBCD6D3A
8D8013F1585587965212FDE6B72C,18F969491C5227
8D8013F19914159F78081C2673E2,18F96BAB80B22C
8D8013F1585583D9D890EEE34542,18F98E76E8E23F
8D8013F19914159F78081C2673E2,18F98F0FABC23C
8D8013F1EA1F5858013C08CC403A,18F9993183322C
8D8013F19914159F98081C03F334,18F9A9E20C5C23
8D8013F1585583D9AA90ECEA31B0,18F9C6B7D0953B
8D8013F19914159F98081C03F334,18F9CAE3E0F544
8D8013F12218C1F2C7182057DEA3,18F9D931D9CD34
8D8013F158558795F212FACA1879,18F9E3EC7A3730
8D8013F1EA1F5858013C08CC403A,18F9E949C72848
8D8013F19914159F98041C4BA934,18F9EE0ED9F24F
8D8013F1585583D97690EA0E5E7E,18FA088198993F
8D8013F1F82300020049BC05CD5E,18FA0A4B91B02B
8D8013F19914159F98081C03F334,18FA1506331444
8D8013F1585583D95E90E9DA684D,18FA251DE78C36
8D8013F19914159F98081C03F334,18FA31A26C9A32
8D8013F1EA1F5858013C08CC403A,18FA38C9AEF932
8D8013F158558795A212F7621868,18FA4B7CF92948
8D8013F1E1021F0000000021B5E8,18FA52A450093B
8D8013F19914159F90041C250B3C,18FA533C8B2A48
8D8013F1585587958E12F6816344,18FA63ED1FCE2A
8D8013F19914159F90041C250B3C,18FA6BACC5292D
8D8013F1585583D91690E6C1925F,18FA828C52C03E
8D8013F19914159F98041C4BA934,18FA891B0A9546
8D8013F1EA1F5858013C08CC403A,18FA89B40BD556
8D8013F1585587956212F4FD0C85,18FA9C2DE5622A
8D8013F19914159F70041C008BEA,18FAA2BC339034
8D8013F1F82300020049BC05CD5E,18FAA9E34CAC43
8D8013F1585583D8E890E450EC5F,18FAB8CA615145
8D8013F19914159F78041C6E29E2,18FABA93EFF63F
8D8013F1EA1F5858013C08CC403A,18FAD76950D130
8D8013F19914159F70041C008BEA,18FADAFCCE5B2A
8D8013F1585587953012F2B13C68,18FADB95ED9325
8D8013F19914159F70081C48D1EA,18FAF700948A3D
8D8013F1585587951612F12751D5,18FB002A7DCE3F
8D8013F12218C1F2C7182057DEA3,18FB146EAE523D
8D8013F19914159F70041C008BEA,18FB1507482D32
8D8013F158558794FE12F0B87A51,18FB1DF8174C29
8D8013F1EA1F5858013C08CC403A,18FB251F38B54A
8D8013F19914159F70041C008BEA,18FB2E100FA344
8D8013F1F82300020049BC05CD5E,18FB47EA8A6F3D
8D8013F19914159F70081C48D1EA,18FB4C16B94430
8D8013F158558794CC12EE3B5E73,18FB5CC738AA44
8D8013F19914159F70041C008BEA,18FB63EE54F33D
8D8013F1EA1F5858013C08CC403A,18FB71A3F26F34
8D8013F1585583D84C90DEC988C0,18FB832636BF4D
8D8013F19914159F70041C008BEA,18FB8B7E82A735
8D8013F1E1021F0000000021B5E8,18FB9A654E8B31
8D8013F1585587949412EC025C22,18FBA18C9CA132
8D8013F19914159F70081C48D1EA,18FBAE10BDD544
8D8013F1585587947C12EBB6AED8,18FBC3BF5F9C47
8D8013F1EA1F5858013C08CC403A,18FBC4F09A7641
8D8013F19914159F70081C48D1EA,18FBD50832203A
8D8013F1585583D7FA90DB1B6DC5,18FBE48840D131
8D8013F1F82300020049BC05CD5E,18FBE94C440F42
8D8013F19914159F70081C48D1EA,18FBEFDAC4C733
8D8013F1585587944612E95B8070,18FC0B7F1B9B39
8D8013F19914159F70041C008BEA,18FC12A67E332B
8D8013F1EA1F5858013C08CC403A,18FC15A16E8527
8D8013F1585583D7C290D9EDEBEF,18FC2BAEEF2D25
8D8013F19914159F70041C008BEA,18FC32D6727C36
8D8013F1585587940E12E7BF8E6B,18FC4FABD32943
8D8013F19914159F70081C48D1EA,18FC5508E34028
8D8013F12218C1F2C7182057DEA3,18FC5B97A69D35
8D8013F1EA1F5858013C08CC403A,18FC6520D4823D
8D8013F158558793FA12E65C1D19,18FC67839EB12F
8D8013F19914159F70041C008BEA,18FC74A024973B
8D8013F158558793E212E5101313,18FC8A4E7F2336
8D8013F1F82300020049BC05CD5E,18FC904479F528
8D8013F19914159F70041C008BEA,18FC976BC03B2C
8D8013F158558793CE12E4F3683F,18FCA2262C662B
8D8013F1EA1F5858013C08CC403A,18FCB4A07C2D22
8D8013F19914159F70041C008BEA,18FCB702E04F3A
8D8013F158558793B012E35C23FE,18FCC9B6B4AE3A
8D8013F19914159F70081C48D1EA,18FCDA66C0991E
8D8013F1E1021F0000000021B5E8,18FCDAFF79C437
8D8013F1585583D72A90D3A6A546,18FCEC48E3683F
8D8013F19914159F70041C008BEA,18FD015E3F6439
8D8013F1EA1F5858013C08CC403A,18FD07542A6635
8D8013F1585587937812E1526112,18FD0FACC5E530
8D8013F19914159F78041C6E29E2,18FD1CC9680D23
8D8013F1585583D6F890D12B5463,18FD2C48D1091D
8D8013F1F82300020049BC05CD5E,18FD32D7537634
8D8013F19914159F70081C48D1EA,18FD43C1469B2F
8D8013F1585587934C12DFFC7D06,18FD4A4F748F21
8D8013F1EA1F5858013C08CC403A,18FD58051F791C
8D8013F1585583D6C490CFEA2BCF,18FD6A7FB7461C
8D8013F19914159F70041C008BEA,18FD7A976E2F29
8D8013F19914159F70041C008BEA,18FD980564523C
8D8013F12218C1F2C7182057DEA3,18FD9B9965A328
8D8013F1EA1F5858013C08CC403A,18FDA52253142B
8D8013F1585583D69290CD917210,18FDABB0D31017
8D8013F19914159F78041C6E29E2,18FDB9FF08B22E
8D8013F158558792E212DB3A9B69,18FDD20FB41734
8D8013F1F82300020049BC05CD5E,18FDD2A8BA681F
8D8013F19914159F70041C008BEA,18FDD9CF600922
8D8013F1585583D65A90CB9F08CA,18FDF10E86C918
8D8013F1EA1F5858013C08CC403A,18FDF1A7179C21
8D8013F19914159F70041C008BEA,18FDF5D32B6839
8D8013F1585583D64690CAE44BDF,18FE0DE3F11B3A
8D8013F19914159F70081C48D1EA,18FE16D4CB741F
8D8013F1E1021F0000000021B5E8,18FE1FC5AF531F
8D8013F1585587929812D8A2B99A,18FE2D7BBC9122
8D8013F19914159F70041C008BEA,18FE3967873C36
8D8013F1EA1F5858013C08CC403A,18FE46BDCC1339
8D8013F1585583D60E90C8000D9E,18FE550B5F9A3A
8D8013F19914159F78081C2673E2,18FE576DB41C28
8D8013F19914159F78081C2673E2,18FE72D8E03038
8D8013F1F82300020049BC05CD5E,18FE740A40E339
8D8013F1585587926012D6348B15,18FE75D3E8FB3D
8D8013F1EA1F5858013C08CC403A,18FE963D042B1C
8D8013F19914169F78041C6B36B0,18FE99D04F2C1C
8D8013F1585583D5D690C6AF44CD,18FE9A68FFBC34
8D8013F19914169F78041C6B36B0,18FEB53B9ABF39
8D8013F1585583D5BC90C5EA222E,18FEB705517D38
8D8013F19914169F70041C0594B8,18FED4735E4524
8D8013F1585587921612D3F57EC7,18FED6D5E2243A
8D8013F1EA1F5858013C08CC403A,18FEE6EDBD6E41
8D8013F1585587920212D2E09FDA,18FEEFDE824C26
8D8013F158558791E812D133FA61,18FF0FAF41943F
8D8013F19914169F98041C4EB666,18FF10479A8E22
8D8013F1F82300020049BC05CD5E,18FF163D72B42A
8D8013F158558791D412D1F23154,18FF29506DEB29
8D8013F19914169F98041C4EB666,18FF2EADB18542
8D8013F1EA1F5858013C08CC403A,18FF34A3998A20
8D8013F1585583D54890C0DA7BD3,18FF4E7E75FD44
8D8013F19914169F98081C06EC66,18FF5473F5C32B
8D8013F1E1021F0000000021B5E8,18FF6229D8093C
8D8013F1585587919E12CEF2831C,18FF6E162D302C
8D8013F19914169F98081C06EC66,18FF75D52EE945
8D8013F1EA1F5858013C08CC403A,18FF88887CD241
8D8013F19914169F98041C4EB666,18FF963E23472A
8D8013F19914169F98081C06EC66,18FFB241F6283E
8D8013F1F82300020049BC05CD5E,18FFB40BAD2543
8D8013F1585583D4E690BC1E4FD8,18FFC7F03A3E3E
8D8013F19914169F98081C06EC66,18FFD04888A726
8D8013F1EA1F5858013C08CC403A,18FFD76F9E191C
8D8013F1585587914412CBC5FD46,18FFE19214B71E
8D8013F19914169F98041C4EB666,18FFF110F3743A
8D8013F1585587912C12CA9B2F3C,1900045CFB7236
8D8013F19914169F98041C4EB666,19001343D30E2B
8D8013F1EA1F5858013C08CC403A,1900248D3D6E35
8D8013F1585583D49A90B9AAB080,190025BE06451C
8D8013F19914169F98041C4EB666,190031A9E3FB38
8D8013F19914159F98081C03F334,190050E1B9921B
8D8013F1F82300020049BC05CD5E,19005939F43420
8D8013F158558790DC12C7B7AAFA,190068B95C6522
8D8013F19914159F98081C03F334,1900707959653E
8D8013F1EA1F5858013C08CC403A,190072DB64E719
8D8013F158558790C212C6D7416D,19008A5385D23B
8D8013F19914159F90041C250B3C,190093DCF8031B
8D8013F1E1021F0000000021B5E8,19009B9D226C16
8D8013F1585583D43090B5708AD4,1900AC4D2F911C
8D8013F19914159F90041C250B3C,1900B3749E5E31
8D8013F1EA1F5858013C08CC403A,1900C88A7FF52D
8D8013F1585587909012C49B49B6,1900CB851B1130
8D8013F19914169F98081C06EC66,1900D3DD429917
8D8013F1F82300020049BC05CD5E,1900F1AAF6362F
8D8013F19914169F90041C20146E,1900F2DC084B25
8D8013F19914169F70081C4DCEB8,1901150EC30815
8D8013F1585587904612C1F5C4E0,190129EB70D723
8D8013F19914169F70081C4DCEB8,190137087EA92E
8D8013F1585587902812BF7AED5C,19014FB2125732
8D8013F12218C1F2C7182057DEA3,1901580A0A0523
8D8013F1EA1F5858013C08CC403A,1901682208B536
8D8013F1585583D39890AF622E4E,19016BB5A30E25
8D8013F19914169F70041C0594B8,190174A661452E
8D8013F15855878FF612BD493725,19018FB266FF29
8D8013F19914169F70081C4DCEB8,1901993B81E919
8D8013F1EA1F5858013C08CC403A,1901B670E45C1F
8D8013F1585583D34C90AC172FB7,1901CD500E9535
8D8013F19914169F70081C4DCEB8,1901D80AB1AF20
8D8013F15855878FB012BA10E6D5,1901E9EC674C1D
8D8013F19914169F70041C0594B8,1901F7A216DA30
8D8013F1EA1F5858013C08CC403A,190206C2326B4C
8D8013F15855878F9212B9B1DA6C,1902117C837C32
8D8013F19914169F70041C0594B8,19021510027E25
8D8013F19914169F70081C4DCEB8,19022EB1789F30
8D8013F1F82300020049BC05CD5E,19022F4A156835
8D8013F15855878F7412B8475735,1902340F02D824
8D8013F1EA1F5858013C08CC403A,190253469E061D
8D8013F19914169F70041C0594B8,19025477C26B1F
8D8013F1585583D2E090A735C112,190255105F342B
8D8013F1585583D2C890A6E1EB3A,190271ACB4901F
8D8013F19914169F78041C6B36B0,19027671C3BF2A
8D8013F1585583D2B490A555304F,19028E821ED122
8D8013F12218C1F2C7182057DEA3,190293DF81BB1B
8D8013F19914169F70081C4DCEB8,1902B1147DA421
8D8013F15855878F0612B44E7786,1902C591A3321E
8D8013F1EA1F5858013C08CC403A,1902EBB7660C3B
8D8013F19914169F70041C0594B8,1902F07C7E9220
8D8013F15855878EDA12B281E51B,1902F96D62B01E
8D8013F19914169F70081C4DCEB8,19031642B0BF14
8D8013F1585583D24490A1ADCCBF,190319D5FC0D32
8D8013F19914169F78041C6B36B0,190331ADAD3829
8D8013F15855878EAC12B0BFC0ED,19033377C3D924
8D8013F1EA1F5858013C08CC403A,1903396DE1551D
8D8013F19914169F78081C236CB0,190358A5B6ED19
8D8013F1585583D202909EF54C4B,19036A8731F226
8D8013F1F82300020049BC05CD5E,1903707D208F20
8D8013F19914169F78041C6B36B0,19037A9F010723
8D8013F1585583D1EE909D0AD076,190386C4324210
8D8013F19914169F70041C0594B8,19039A6F37F53D
8D8013F15855878E5212AC05F727,1903A9EE99FB30
8D8013F15855878E1612AAB87A5C,1903F378B4F02A
8D8013F19914169F78041C6B36B0,1903F410FA142F
8D8013F1585583D17E90993DA8FD,190412B0891014
8D8013F1F82300020049BC05CD5E,19041774F4CC1C
8D8013F1EA1F5858013C08CC403A,190424924A7526
8D8013F19914169F78081C236CB0,19042F4C937833
8D8013F1585583D16490986A126E,1904311659982F
8D8013F1E1021F0000000021B5E8,1904517F58762F
8D8013F15855878DCC12A7F3739F,190455ABC90820
8D8013F19914169F78041C6B36B0,1904564421B424
8D8013F19914169F70041C0594B8,1904707E628533
8D8013F1EA1F5858013C08CC403A,19047116ADC335
8D8013F15855878DB212A65C1C73,19047379515F3B
8D8013F19914169F78081C236CB0,19049218981730
8D8013F15855878D9A12A5882A40,1904977587F426
8D8013F1F82300020049BC05CD5E,1904AFE5D0983A
8D8013F1EA1F5858013C08CC403A,1904C168058729
8D8013F19914169F78041C6B36B0,1904D21887EA29
8D8013F1585583D0E090929CD6E3,1904D9D84B8B2C
8D8013F19914169F78041C6B36B0,1904ED84114237
8D8013F1585583D0C690910ABB5E,1904F8D7048C38
8D8013F19914169F78041C6B36B0,190512B1D12050
8D8013F1EA1F5858013C08CC403A,1905134A102A3D
8D8013F12218C1F2C7182057DEA3,1905180EC9C736
8D8013F1585583D0A890907890A2,19051FCE86C133
8D8013F19914169F78081C236CB0,1905337A456339
8D8013F15855878D18129F78CB70,19053B39AFD836
8D8013F1F82300020049BC05CD5E,19054E858E942F
8D8013F19914169F78081C236CB0,19055219293B29
8D8013F15855878CFA129E92EA7E,190562312A5D3B
8D8013F1EA1F5858013C08CC403A,19056493D3D41F
8D8013F19914169F78081C236CB0,19056BBA9DD63D
8D8013F1585583D05C908D4859EB,190580D0AE9B38
8D8013F1E1021F0000000021B5E8,19058FB79B7530
8D8013F19914179F98041C4DBCA8,1905934AB0812A
8D8013F1EA1F5858013C08CC403A,1905B5DD2BA633
8D8013F1585583D02E908B41152F,1905B675E11837
8D8013F19914179F98081C05E6A8,1905B70E391835
8D8013F19914179F98041C4DBCA8,1905DA7273F629
8D8013F15855878C9A129A5D5633,1905DCD474BA23
8D8013F1F82300020049BC05CD5E,1905E82812AB32
8D8013F19914179F98081C05E6A8,190600D1494539
8D8013F1EA1F5858013C08CC403A,1906075F735132
8D8013F1585583CFE290884BD7CD,190618A8E95827
8D8013F19914179F78041C683C7E,19061E9ED7391D
8D8013F15855878C541297804D11,190635450BEC2A
8D8013F19914179F78041C683C7E,190643CC8D0531
8D8013F12218C1F2C7182057DEA3,190655AE4D7118
8D8013F1EA1F5858013C08CC403A,190656469E0E24
8D8013F19914179F78081C20667E,190663639FEA1B
8D8013F1F82300020049BC05CD5E,1906892A48411B
8D8013F19914179F70081C4EC476,19068A5B0A0428
8D8013F15855878C0A12946A42CF,190695AE98931F
8D8013F19914179F70041C069E76,1906A9F25F2119
8D8013F1585583CF6490828D4691,1906B8409B5B2F
8D8013F19914179F70041C069E76,1906CD565BFD30
8D8013F1E1021F0000000021B5E8,1906D647375035
8D8013F15855878BD812921F8436,1906D810EEF920
8D8013F19914179F70081C4EC476,1906E5C6F37D26
8D8013F1585583CF369080C14E4A,1906F2E3835531
8D8013F1EA1F5858013C08CC403A,1906F546211534
8D8013F19914179F78041C683C7E,190707F94BC734
8D8013F15855878BAA129016F0C4,19071182EAC52A
8D8013F19914179F70041C069E76,1907265F7F2F24
8D8013F1F82300020049BC05CD5E,19072790FA3F34
8D8013F15855878B92128F1F2A65,19072E1F25C22E
8D8013F19914179F70081C4EC476,19074D56FA2137
8D8013F15855878B78128EB05430,190750EAB18825
8D8013F19914179F70081C4EC476,1907682992F225
8D8013F1585583CED0907CE626DB,1907724B970F2F
8D8013F19914179F70081C4EC476,19078A5C655D34
8D8013F15855878B42128BA2AABC,190798121B061D
8D8013F1EA1F5858013C08CC403A,190798AADB352B
8D8013F12218C1F2C7182057DEA3,19079E080BD431
8D8013F15855878B2A128AFC78C6,1907B416120832
8D8013F1F82300020049BC05CD5E,1907CC268FC51E
8D8013F19914179F70081C4EC476,1907CFBA695A2D
8D8013F1585583CE8490797907A2,1907D47EA9A11B
8D8013F15855878AFC128846D8E7,1907EE200E5D2C
8D8013F19914179F70081C4EC476,1907EEB8B7E81E
8D8013F1585583CE5090760C4E01,1908134DBC6927
8D8013F19914179F70081C4EC476,19081648B8822D
8D8013F19914179F70041C069E76,19083083156617
8D8013F1585583CE389075528060,1908311BBEE12E
8D8013F1EA1F5858013C08CC403A,190837A9DB412C
8D8013F1585583CE1E9074C4F1C6,190853E6A9561D
8D8013F19914179F70081C4EC476,190856E1B09A29
8D8013F1F82300020049BC05CD5E,190869F496D21E
8D8013F15855878A981284BE45C2,19086EB94D0429
8D8013F19914179F70081C4EC476,190878DB580730
8D8013F1585583CDEC90725BBE5A,190892B6326717
8D8013F19914179F70081C4EC476,1908A06B65EF2B
8D8013F1585583CDD290717E35FF,1908B1B49C0F29
8D8013F19914179F70041C069E76,1908C16D021316
8D8013F12218C1F2C7182057DEA3,1908D3E751BB3A
8D8013F15855878A481281FC3112,1908D5B1705B1F
8D8013F1EA1F5858013C08CC403A,1908DB0E618028
8D8013F19914179F70041C069E76,1908E19D3DC52E
8D8013F1585583CDA0906F77E98F,1908F1B4EBE530
8D8013F1585583CD86906EE19829,19091518CF2D19
8D8013F19914179F70041C069E76,19092104A0EC31
8D8013F1585583CD6C906D4EFA67,190932E65DED2C
8D8013F19914179F70041C069E76,190946CB4C311B
8D8013F1E1021F0000000021B5E8,19094763885C2E
8D8013F1585583CD4E906CEFDAC5,19095945A54F39
8D8013F19914179F70041C069E76,190966624B8E36
8D8013F1585583CD34906B77C000,19097712DE3D31
8D8013F1EA1F5858013C08CC403A,190979758E8B31
8D8013F19914179F70041C069E76,1909859A1C0420
8D8013F158558789B2127B083014,190996E33D2629
8D8013F19914179F78041C683C7E,1909A6FB330C38
8D8013F1F82300020049BC05CD5E,1909A8C4F8323B
8D8013F1585583CD0290683CE9AD,1909B713300737
8D8013F19914179F70041C069E76,1909EBC040A63C
8D8013F158558789681277C0CA2B,1909F5E24E0A32
8D8013F19914179F70041C069E76,190A0F242CB81B
8D8013F1EA1F5858013C08CC403A,190A18ADFCB92D
8D8013F19914179F70041C069E76,190A2FECAD7E3A
8D8013F1585583CCA29064B82420,190A32E7B63939
8D8013F1F82300020049BC05CD5E,190A4F24746F21
8D8013F1585587892212753F24E8,190A50EE3E391E
8D8013F19914169F70041C0594B8,190A5186E5C01F
8D8013F19914169F78041C6B36B0,190A695E837234
8D8013F1585583CC6E9062810FFE,190A724F5A612F
8D8013F1E1021F0000000021B5E8,190A8AF8B76E35
8D8013F19914169F78081C236CB0,190A8FBDBB3418
8D8013F1585583CC509061A4845B,190A98AE92A016
8D8013F19914169F70041C0594B8,190AA9F762B32A
8D8013F1585583CC3C9060CD0725,190AB11E714F27
8D8013F1EA1F5858013C08CC403A,190AB7AD133B2C
8D8013F19914169F78081C236CB0,190ACF251DA01E
8D8013F19914169F78081C236CB0,190AEBC180A72A
8D8013F158558788A6126FC900BD,190AED8B9AC323
8D8013F1F82300020049BC05CD5E,190AEE23E15E21
8D8013F1EA1F5858013C08CC403A,190B09C89E4023
8D8013F1585583CBF0905DD96754,190B12B97CFE20
8D8013F19914169F70041C0594B8,190B2F5581F827
8D8013F1EA1F5858013C08CC403A,190B5816CBC41E
8D8013F19914169F780C1C1B5AB0,190B71B801B019
8D8013F1585583CB9E905AAB6885,190B767D36D71F
8D8013F19914169F78041C6B36B0,190B9057A47315
8D8013F1585587881E126A2A521E,190B9CDBA5AB19
8D8013F19914169F78041C6B36B0,190BB2E988F620
8D8013F1585583CB6C9057B7B892,190BB846C93527
8D8013F1E1021F0000000021B5E8,190BC46BD60F29
8D8013F19914169F78081C236CB0,190BCFBF488B13
8D8013F1585583CB529056922F2C,190BDA79874D19
8D8013F19914169F78081C236CB0,190BE796ED1327
8D8013F1585583CB3E905604585B,190BF25139FE18
8D8013F1EA1F5858013C08CC403A,190BF5E54A0421
8D8013F158558787C01266A6150D,190C15B5A59130
8D8013F19914169F78081C236CB0,190C296116141E
8D8013F1F82300020049BC05CD5E,190C31B8F51926
8D8013F158558787A61265BA80E2,190C341B5DDE1D
8D8013F1EA1F5858013C08CC403A,190C47FFDD1C18
8D8013F19914169F78041C6B36B0,190C4898832D17
8D8013F19914169F70081C4DCEB8,190C6108ADF91E
8D8013F1585587877412631CB4A2,190C738386B625
8D8013F19914169F70081C4DCEB8,190C846CC4482E
8D8013F1EA1F5858013C08CC403A,190C9949639F1D
8D8013F19914169F78081C236CB0,190C9EA706031F
8D8013F158558787481261DD638C,190CAF57DC152A
8D8013F19914169F78081C236CB0,190CBB436C3713
8D8013F15855878716125FC9F169,190CEF57902718
8D8013F19914169F78041C6B36B0,190D1EA7A1871E
8D8013F158558786E4125D017C65,190D2FF078AF23
8D8013F1EA1F5858013C08CC403A,190D341C99B935
8D8013F158558786B2125B7A1D8C,190D6F582A8316
8D8013F1F82300020049BC05CD5E,190D78E1A9B41F
8D8013F1585583C9FA904804BB9F,190D8D5ECBD71B
8D8013F19914169F70081C4DCEB8,190D98B25A662E
8D8013F1585583C9DA9047BE67FE,190DB089FDA62A
8D8013F19914169F70081C4DCEB8,190DBAABB3551C
8D8013F12218C1F2C7182057DEA3,190DC46E65261B
8D8013F1EA1F5858013C08CC403A,190DD3EDA1742E
8D8013F19914169F70081C4DCEB8,190DE1A3AFBC23
8D8013F1585583C9A49045EEE000,190DF71879F82E
8D8013F19914169F70081C4DCEB8,190E050727D722
8D8013F1F82300020049BC05CD5E,190E1CDF380918
8D8013F1585587862C12550F52FE,190E1D776E4918
8D8013F1EA1F5858013C08CC403A,190E22D4BE6616
8D8013F19914169F70081C4DCEB8,190E2700CE4A2E
8D8013F1E1021F0000000021B5E8,190E3AAC558130
8D8013F1585587861212542AC540,190E3B44F5F42A
8D8013F19914169F70041C0594B8,190E4933927D18
8D8013F1585583C95290413AE576,190E6073070F16
8D8013F19914169F70081C4DCEB8,190E636D9D9828
8D8013F1EA1F5858013C08CC403A,190E7385EB2426
8D8013F158558785DC12527441E9,190E846F2C9D24
8D8013F19914169F70081C4DCEB8,190E8507DE651F
8D8013F19914159F70041C008BEA,190EA49F738A25
8D8013F1F82300020049BC05CD5E,190EB4B715F126
8D8013F19914159F70081C48D1EA,190EC17496EF31
8D8013F158558785A41250083F91,190ECAFE06EE17
8D8013F19914159F70081C48D1EA,190EE23D0AB51F
8D8013F1585583C8CE903C82B5CF,190F06D287541E
8D8013F12218C1F2C7182057DEA3,190F093486A125
8D8013F1EA1F5858013C08CC403A,190F16518CF21C
8D8013F19914159F78041C6E29E2,190F1F4266FD1F
8D8013F19914159F78041C6E29E2,190F43D7DB5E30
8D8013F1585583C89A903AE27CA4,190F476B21EA1B
8D8013F19914159F90041C250B3C,190F5EAA713219
8D8013F15855878528124B44B096,190F69FD6AC411
8D8013F1585583C8689038010CFB,190F89353D001E
8D8013F19914159F90041C250B3C,190F98B4DCEA3A
8D8013F1EA1F5858013C08CC403A,190FB08CAD551D
8D8013F19914159F98041C4BA934,190FB4B84C1F1B
8D8013F1585583C836903614BF76,190FC9359ED728
8D8013F19914159F98081C03F334,190FD652797427
8D8013F1585583C8169035AE2B4D,190FEC6067FA1D
8D8013F1F82300020049BC05CD5E,190FEF5B56D42E
8D8013F19914159F98041C4BA934,190FF5E9FA361E
8D8013F1EA1F5858013C08CC403A,19100509A75E1C
8D8013F1585583C7FE90346911B2,19100F2BB01F24
8D8013F19914149F90041C2601F2,191012BFC6FB28
8D8013F1585583C7DE9033D3BDBF,19103256A28416
8D8013F19914149F90041C2601F2,191034B8F26217
8D8013F12218C1F2C7182057DEA3,191049CF37D311
8D8013F19914149F98081C00F9FA,19107256E23C39
8D8013F1585583C7AC9031DAC94D,191072EF793937
8D8013F19914149F98081C00F9FA,1910981D3B792D
8D8013F1585583C78E90307BE9EF,1910994E5FED55
8D8013F1EA1F5858013C08CC403A,1910A2D7DFCB20
8D8013F19914149F98041C48A3FA,1910BAAF7A5023
8D8013F1585583C770902F3E3637,1910C0DEC68429
8D8013F1E1021F0000000021B5E8,1910C89E229131
8D8013F15855878406124097F21C,1910DD7AD58039
8D8013F19914149F98041C48A3FA,1910E1A776693B
8D8013F19914149F90041C2601F2,1911017762FF28
8D8013F1585583C73C902DED2172,1911020FEEB229
8D8013F1585583C722902C8DCAE5,19111F44F62434
8D8013F19914149F980C1C38CFFA,191122D8886E32
8D8013F1F82300020049BC05CD5E,1911397F4D6B2D
8D8013F1585583C70A902B59C4E0,19114177B6FB24
8D8013F1EA1F5858013C08CC403A,191143DA89B624
8D8013F19914149F90041C2601F2,1911450B37F02B
8D8013F1585587839C123C04A0C0,191162D8CA1B37
8D8013F19914149F90081C6E5BF2,1911637173D532
8D8013F19914149F98081C00F9FA,1911889F063A31
8D8013F12218C1F2C7182057DEA3,19118B9A53233E
8D8013F1EA1F5858013C08CC403A,19119359BF1E38
8D8013F19914149F98081C00F9FA,1911A10F4F2D3B
8D8013F1585587836A123B2F4DA4,1911A1A8671239
8D8013F19914149F90081C6E5BF2,1911C0E011B12D
8D8013F1F82300020049BC05CD5E,1911DCE38ACA20
8D8013F19914139F98041C419790,1911DE14A1FF38
8D8013F1EA1F5858013C08CC403A,1911E2D9646727
8D8013F1585587833412393AB673,1911E79E77DC33
8D8013F1E1021F0000000021B5E8,191203426EFD20
8D8013F19914139F90041C2F3598,19121F4628C827
8D8013F1585583C64E90243030AD,19122B32016D29
8D8013F19914139F98081C09CD90,191245A510371E
8D8013F158558782E41236535387,1912505FB2951B
8D8013F158558782CA1235AB9C32,19126D9503B32A
8D8013F19914139F90081C676F98,1912784F65DB21
8D8013F1F82300020049BC05CD5E,19127980D72827
8D8013F1EA1F5858013C08CC403A,1912847448891F
8D8013F158558782B612341F5B5C,191289D2077D1D
8D8013F19914139F90081C676F98,19129655EED52B
8D8013F1585583C5E89021307A65,1912ABCB38342E
8D8013F19914139F98081C09CD90,1912B2F246531D
8D8013F1585587828412329CEFCA,1912CA6A76DE23
8D8013F1EA1F5858013C08CC403A,1912D35B559C2A
8D8013F19914139F98041C419790,1912D5BE502223
8D8013F1585583C5B4901F3F4002,1912EB32FD4128
8D8013F19914139F98041C419790,1912F5ED9E3821
8D8013F19914139F98081C09CD90,19131820671E30
8D8013F1EA1F5858013C08CC403A,1913240C861327
8D8013F158558782341230EECF45,19132D95F1FB2D
8D8013F19914139F98041C419790,19133686D3E624
8D8013F1E1021F0000000021B5E8,1913450DDDFB47
8D8013F1585587821C122F3A51F4,19134FC8B2171D
8D8013F19914139F98081C09CD90,191356EF74D52A
8D8013F15855878202122E5ABA63,19136F5FC0A62B
8D8013F1EA1F5858013C08CC403A,191372F341DA27
8D8013F158558781EA122D92775A,1913922B140613
8D8013F19914139F90081C676F98,19139BB4DBBA2B
8D8013F1F82300020049BC05CD5E,1913B7B86F212A
8D8013F19914149F98041C48A3FA,1913DEB01C5E29
8D8013F1585583C4EA9018FE8AB9,1913EBCCD76D27
8D8013F19914149F90041C2601F2,191405A770011B
8D8013F12218C1F2C7182057DEA3,1914119322032C
8D8013F1EA1F5858013C08CC403A,191415269E5529
8D8013F1585583C4BC9016859B3C,191424A67C4224
8D8013F19914149F98041C48A3FA,191425D7600443
8D8013F158558781581228042F73,191449D40FF016
8D8013F19914149F98081C00F9FA,19144A6C610A1C
8D8013F1F82300020049BC05CD5E,191458BB02E423
8D8013F1EA1F5858013C08CC403A,191466700FD825
8D8013F1E1021F0000000021B5E8,191478EA83E13B
8D8013F1585583C47490137409F4,1914817BD5AB1D
8D8013F19914149F90081C6E5BF2,1914850F4C6F38
8D8013F1585583C45C9012A023DC,1914A07A75C52D
8D8013F1EA1F5858013C08CC403A,1914B25C34F72F
8D8013F19914149F90041C2601F2,1914C4772B6D33
8D8013F158558780E61223E02D44,1914DBB690BD22
8D8013F1F82300020049BC05CD5E,1914F8EB223429
8D8013F1EA1F5858013C08CC403A,191506412C443D
8D8013F19914149F98081C00F9FA,19152709BF981E
8D8013F1585587809A1221AB0238,19153AB5246314
8D8013F19914149F90041C2601F2,191545103F3B1C
8D8013F12218C1F2C7182057DEA3,1915535E7BC343
8D8013F1585583C3C8900D8C804C,191559ECED4828
8D8013F19914149F90081C6E5BF2,191565402F1F25
8D8013F1585583C3AE900C9009B8,1915785332A214
8D8013F19914149F98081C00F9FA,19158641BAF819
8D8013F15855878054121E772469,19159659AE2E29
8D8013F1EA1F5858013C08CC403A,19159F4AA69F46
8D8013F1F82300020049BC05CD5E,19159FE33DBB15
8D8013F19914149F90041C2601F2,1915A671B5E726
8D8013F1E1021F0000000021B5E8,1915BAB5C3041E
8D8013F1585583C362900956CA74,1915DB1EB9672D
8D8013F19914149F98081C00F9FA,1915EBCF523135
8D8013F1EA1F5858013C08CC403A,1915EFFB71B42D
8D8013F1585583C3449008C0BBD2,191602163E1D17
8D8013F1585583C32A9007B2C46F,19162114F75B2D
8D8013F19914149F90041C2601F2,1916283C463D2E
8D8013F1F82300020049BC05CD5E,19164347DAEE2D
8D8013F1EA1F5858013C08CC403A,191645117D9722
8D8013F1585583C30C900624B5C9,19164773FE4A1D
8D8013F19914149F90041C2601F2,19164FCC786621
8D8013F1585583C2F290054A3FC0,1916654196213C
8D8013F19914149F90081C6E5BF2,19167094FE8B27
8D8013F15855877F9C1217340077,191683E127BD2D
8D8013F1EA1F5858013C08CC403A,191690FD9FA92F
8D8013F12218C1F2C7182057DEA3,191693F89D3930
8D8013F19914149F90081C6E5BF2,19169529C6801E
8D8013F19914149F90081C6E5BF2,1916B1C63D0024
8D8013F19914149F90081C6E5BF2,1916D19687A415
8D8013F1F82300020049BC05CD5E,1916DBB8F24C17
8D8013F15855877F56121521EA19,1916DD826D493F
8D8013F1EA1F5858013C08CC403A,1916DFE4C56517
8D8013F19914149F90081C6E5BF2,1916EAA010F320
8D8013F1585583C2789001D509D1,191702B028A31B
8D8013F1E1021F0000000021B5E8,191708A6030C15
8D8013F15855877F1E1213C5946E,191722DFF7A12D
8D8013F19914149F90081C6E5BF2,191724113C7F24
8D8013F1EA1F5858013C08CC403A,19172D021DED25
8D8013F15855877F0A1212D07573,19173AB7AE2B1F
8D8013F15855877ED812105D8456,19177A1F63B72B
8D8013F1F82300020049BC05CD5E,19177B5080C937
8D8013F1EA1F5858013C08CC403A,1917817FD6B228
8D8013F19914149F90041C2601F2,19178644614028
8D8013F15855877EC4120F2673DA,19179825FC0335
8D8013F19914139F90081C676F98,1917A2480B9A2F
8D8013F19914139F90081C676F98,1917C2B109CC1F
8D8013F1EA1F5858013C08CC403A,1917D2306EB141
8D8013F1585583C1D08FFBD78897,1917D492C7C636
8D8013F12218C1F2C7182057DEA3,1917D9F0552B1D
8D8013F19914139F90041C2F3598,1917DC52A0662B
8D8013F1585583C1B88FFA895AED,1917F1C7BAF528
8D8013F19914139F90041C2F3598,1917FAB8945521
8D8013F15855877E60120C41B248,191815C4E57037
8D8013F1EA1F5858013C08CC403A,19181FE661CF48
8D8013F19914139F90081C676F98,1918207F11F251
8D8013F1F82300020049BC05CD5E,191822E13D6025
8D8013F15855877E4C120BA2ED49,19182E34874523
8D8013F19914139F90081C676F98,191843E32D8028
8D8013F1E1021F0000000021B5E8,19185362709536
8D8013F1585583C16A8FF7D0F6D3,191854938E623B
8D8013F1EA1F5858013C08CC403A,1918712FC4013F
8D8013F15855877E16120980479A,1918742AB9C031
8D8013F19914139F98081C09CD90,191885144CB528
8D8013F19914139F98041C419790,1918A70E019F39
8D8013F15855877DE412071F786A,1918B392C62834
8D8013F19914139F90081C676F98,1918C645D77528
8D8013F1EA1F5858013C08CC403A,1918C6DECA3E24
8D8013F1585583C1008FF36A4014,1918DA8A50BA34
8D8013F19914139F98041C419790,1918DF4EDBC52C
8D8013F19914139F98081C09CD90,19190515069F26
8D8013F1EA1F5858013C08CC403A,1919149493012E
8D8013F12218C1F2C7182057DEA3,1919237B15683A
8D8013F1585583C0AE8FF053765F,191942B2F92929
8D8013F19914139F98041C419790,19194A72A04842
8D8013F1585583C0968FEF5AACFE,19196080774E2E
8D8013F1EA1F5858013C08CC403A,1919637B6F402A
8D8013F19914139F98041C419790,19196676640633
8D8013F1F82300020049BC05CD5E,191968401BED26
8D8013F19914139F98081C09CD90,19198A72EE9728
8D8013F1E1021F0000000021B5E8,1919965ECFF72C
8D8013F15855877D2A12013DFB36,1919A37BC61B38
8D8013F19914149F98041C48A3FA,1919A8D90D6E32
8D8013F1EA1F5858013C08CC403A,1919AF678DA92C
8D8013F15855877D16120003C40A,1919C05124852E
8D8013F15855877CFE11FF8B0987,1919DBBCDFAB37
8D8013F19914149F90041C2601F2,1919E4AD90453E
8D8013F1585583C01C8FEBC59AEF,1919F8F158B828
8D8013F19914149F90081C6E5BF2,191B1496DA9F36
8D8013F1585583BF3C8FE333ED41,191B152F7C9935
8D8013F19914149F90041C2601F2,191B2E3853ED34
8D8013F1585583BF228FE25306D6,191B32FD180A2B
8D8013F1EA1F5858013C08CC403A,191B40EC043A27
8D8013F1F82300020049BC05CD5E,191B421CDA4037
8D8013F19914149F98041C48A3FA,191B4BA6698F2E
8D8013F15855877BD611F48CBD61,191B55C8A93E37
8D8013F19914149F90081C6E5BF2,191B6547B6DB2A
8D8013F1585583BEF08FE0DEF7F3,191B71CC800724
8D8013F19914149F90041C2601F2,191B8184A3F134
8D8013F1EA1F5858013C08CC403A,191B8F3A3BD02F
8D8013F15855877BA411F285F1A5,191B982AFC7835
8D8013F19914149F98041C48A3FA,191BA4AFBF891F
8D8013F12218C1F2C7182057DEA3,191BAD07BF5536
8D8013F1585583BEB88FDE3BD880,191BB6917F3923
8D8013F19914149F90041C2601F2,191BCBA70D9F2D
8D8013F1585583BE9E8FDDADB53D,191BD8C43EE731
8D8013F1F82300020049BC05CD5E,191BDD88B0FC2B
8D8013F1EA1F5858013C08CC403A,191BE083CC9421
8D8013F19914149F90081C6E5BF2,191BEE3940CE27
8D8013F15855877B5411F07D2978,191BF98CED7428
8D8013F19914149F90081C6E5BF2,191C0D7111933D
8D8013F1585583BE668FDB3BF7DE,191C2083F80934
8D8013F19914149F98041C48A3FA,191C2BD73A6C26
8D8013F1EA1F5858013C08CC403A,191C2D08577E35
8D8013F15855877B1E11EE826F39,191C4519318428
8D8013F19914149F98041C48A3FA,191C506C46FB39
8D8013F1585583BE2E8FD9DFB19F,191C64B0BAA23B
8D8013F19914149F90041C2601F2,191C6E39D01D35
8D8013F1F82300020049BC05CD5E,191C772AC41941
8D8013F1EA1F5858013C08CC403A,191C7ABE385C32
8D8013F19914149F98041C48A3FA,191C9236561B39
8D8013F1585583BE008FD7D8C279,191C9F535B233B
8D8013F19914149F98081C00F9FA,191CB09CD71625
8D8013F1585583BDEC8FD627425F,191CB72B116E2E
8D8013F19914149F98081C00F9FA,191CD4993A2A37
8D8013F12218C1F2C7182057DEA3,191CE1B690022C
8D8013F19914149F98081C00F9FA,191CF39845332E
8D8013F15855877A8811E8B20F7C,191D05B2A99A2C
8D8013F1F82300020049BC05CD5E,191D1C590D2D2D
8D8013F1EA1F5858013C08CC403A,191D1F5401F232
8D8013F1585583BD948FD3A4EC03,191D24B1B56D43
8D8013F19914149F98081C00F9FA,191D35FA71F935
8D8013F15855877A5611E64DB85C,191D45B2F25B2A
8D8013F1E1021F0000000021B5E8,191D5A8FFFDD35
8D8013F19914149F98081C00F9FA,191D5CF1EB643E
8D8013F1585583BD668FD2B8744E,191D5F546C553E
8D8013F1EA1F5858013C08CC403A,191D6C7164F93B
8D8013F19914149F98081C00F9FA,191D772C0CB631
8D8013F15855877A2411E444CCAE,191D83E9CD1E3A
8D8013F19914149FB80C1C7DB3D3,191D982D979545
8D8013F1585583BD348FD0F47C95,191DA085CF8844
8D8013F19914149FB8081C4585D3,191DB1365D2724
8D8013F1EA1F5858013C08CC403A,191DB8F6163835
8D8013F1F82300020049BC05CD5E,191DC0563B2238
8D8013F19914149FB8081C4585D3,191DD795AE7C35
8D8013F1585583BCFC8FCED16BA8,191DE714A89039
8D8013F19914149FB8081C4585D3,191DF300799425
8D8013F158558779BA11E1B21C57,191E0A78955E27
8D8013F1EA1F5858013C08CC403A,191E0EA4BA0236
8D8013F19914139FB8081C4CB1B9,191E13697D643D
8D8013F158558779A611E0C95F42,191E22E8CFDA3F
8D8013F12218C1F2C7182057DEA3,191E2381701E40
8D8013F19914139FB80C1C7487B9,191E3005D55F24
8D8013F1585583BCB08FCBFDACC9,191E46E5A6A71E
8D8013F19914139FB8041C04EBB9,191E56FD45E231
8D8013F1F82300020049BC05CD5E,191E595FACB32B
8D8013F1EA1F5858013C08CC403A,191E5FEE2B761E
8D8013F1585587796E11DEC6749C,191E6A104A3033
8D8013F19914139FB8041C04EBB9,191E709F657224
8D8013F19914149FB8081C4585D3,191E906F1BF535
8D8013F1E1021F0000000021B5E8,191E99F8968328
8D8013F1585587793811DCBD2D43,191EAF6DC78833
8D8013F1EA1F5858013C08CC403A,191EB00674AD31
8D8013F1585587791E11DB2B78C8,191ED06F657117
8D8013F19914149FB0041C637DDB,191ED2D229472B
8D8013F1585583BC2A8FC6405AAD,191EEBDAAA9C2A
8D8013F19914149FB8041C0DDFD3,191EEDA4B84415
8D8013F1F82300020049BC05CD5E,191EF5641BF32A
8D8013F19914149FB0081C2B27DB,191F0C438BC12D
8D8013F1585583BBE88FC4E8E072,191F42BA738718
8D8013F19914149FB0041C637DDB,191F4BAB6A322E
8D8013F1EA1F5858013C08CC403A,191F5403A2922D
8D8013F12218C1F2C7182057DEA3,191F582FB62018
8D8013F158558778AA11D745A051,191F6383018B2F
8D8013F19914149FB8041C0DDFD3,191F6D0C729418
8D8013F19914149FB8041C0DDFD3,191F92D315CA31
8D8013F1F82300020049BC05CD5E,191F95CE33D212
8D8013F19914149FB0081C2B27DB,191FAED67F8123
8D8013F1585583BB828FC05256B5,191FC0F1FE9F23
8D8013F19914149FB0041C637DDB,191FCF3F8D0537
8D8013F1585587784C11D34CE137,191FDCF524382D
8D8013F1E1021F0000000021B5E8,191FDE26443830
8D8013F19914149FB0041C637DDB,191FE8E0E9C21C
8D8013F1EA1F5858013C08CC403A,191FF39C0D5636
8D8013F1585583BB548FBEC1E195,191FF696D56F23
8D8013F19914149FB0041C637DDB,19200E0E965731
8D8013F1585583BB3A8FBDB3D672,19201962455F35
8D8013F19914149FB8041C0DDFD3,19202BDC3FB324
8D8013F1F82300020049BC05CD5E,19202F6FBC0530
8D8013F1585587780011D19FF672,19203AC2EB0F25
8D8013F1EA1F5858013C08CC403A,1920494A40D32B
8D8013F19914149FB0041C637DDB,19204EA78D3733
8D8013F19914149FB0081C2B27DB,1920697A1FAF2C
8D8013F1585583BAEA8FBADA43EA,19208223749E2D
8D8013F19914149FB0081C2B27DB,19208D76ACFF32
8D8013F1EA1F5858013C08CC403A,192098CA3BCD36
8D8013F1585583BAD08FB9C8994B,19209F5864DF34
8D8013F12218C1F2C7182057DEA3,1920A2EBF3BF33
8D8013F19914149F90041C2601F2,1920AC7599C227
8D8013F1585587779611CDF70BE3,1920C5B769CA2A
8D8013F19914149FB0041C637DDB,1920D071F8EE3D
8D8013F1F82300020049BC05CD5E,1920D23BB53A2F
8D8013F1EA1F5858013C08CC403A,1920E849AD062D
8D8013F19914149FB0081C2B27DB,1920EC75EEB82C
8D8013F1585587776A11CB561804,1920F993196930
8D8013F19914149FB0041C637DDB,19210FDA2E493B
8D8013F1E1021F0000000021B5E8,1921149E74E92C
8D8013F1585583BA6A8FB6300F1D,19211F59058440
8D8013F19914149FB0081C2B27DB,19212DA7B4BC36
8D8013F1EA1F5858013C08CC403A,19213435B2D537
8D8013F1585583BA508FB522D5BC,19214355BC0732
8D8013F19914149FB0081C2B27DB,1921540629E93E
8D8013F1585583BA328FB4090D4C,192164B6FE9434
8D8013F1F82300020049BC05CD5E,1921739E138746
8D8013F1585587770011C7ECDEAF,1921851F96B931
8D8013F1EA1F5858013C08CC403A,19218782074E37
8D8013F19914139FB0041C6A49B1,192191A40C7556
8D8013F1585583B9FE8FB24C2167,1921A4B7705939
8D8013F19914139FB0081C2213B1,1921B1D3FD432A
8D8013F1585583B9E68FB1002F6D,1921C78252702E
8D8013F1EA1F5858013C08CC403A,1921D66929123A
8D8013F19914139FB0081C2213B1,1921D8CBD1A039
8D8013F158558776B611C599FAF5,1921E255036D3F
8D8013F12218C1F2C7182057DEA3,1921EC77114E2A
8D8013F19914139FB0081C2213B1,1921F0A3743423
8D8013F19914139FB0081C2213B1,1922149FBAB738
8D8013F1F82300020049BC05CD5E,19221701FE611E
8D8013F1585583B9988FAEAFF418,192226817C4B3C
8D8013F1EA1F5858013C08CC403A,192227B2E9EE2B
8D8013F19914139FB0081C2213B1,19222DA8D03E29
8D8013F19914139FB0041C6A49B1,19224BAF2AD433
8D8013F1585583B97A8FAD6E345E,19224D78EB0827
8D8013F1E1021F0000000021B5E8,19225B2EEA4C43
8D8013F19914139FB0081C2213B1,19226D1047891E
8D8013F1EA1F5858013C08CC403A,192274CFFA132F
8D8013F1585587763211C0BB6363,19228B16D39F1C
8D8013F19914139FB0081C2213B1,1922936F18C132
8D8013F1585587761E11BF5AEE06,1922A38712513B
8D8013F19914139FB0081C2213B1,1922ABDF4E992C
8D8013F1F82300020049BC05CD5E,1922B69A4CC333
8D8013F1585583B91E8FAA693105,1922C0F5676C20
8D8013F19914139FB8041C04EBB9,1922CE12243137
8D8013F1585583B90A8FA97CCC03,1922DA96839741
8D8013F19914139FB0041C6A49B1,1922E84C26B13A
8D8013F19914139FB0081C2213B1,19230D79D0863E
8D8013F1585583B8DC8FA8398430,192312D77CAE3E
8D8013F1EA1F5858013C08CC403A,1923170338093F
8D8013F158558775B011BC3422EB,19232EDAEB0930
8D8013F19914139FB0041C6A49B1,19232F73861D30
8D8013F1585583B8AE8FA630B898,19234CE1DCAF3A
8D8013F19914139FB8041C04EBB9,19234F43EE4C37
8D8013F1F82300020049BC05CD5E,19235834C4402B
8D8013F1585583B89A8FA56039B7,192365EA577C29
8D8013F1EA1F5858013C08CC403A,1923684CC88E2A
8D8013F19914139FB8081C4CB1B9,192371D632822B
8D8013F1585587757011B9AB122B,192383F1574B34
8D8013F19914139FB8041C04EBB9,1923983512AF37
8D8013F1585587755C11B9B79D0E,19239BC91BA031
8D8013F1E1021F0000000021B5E8,1923A125FDE131
8D8013F19914139FB0041C6A49B1,1923B3A0C3D224
8D8013F1EA1F5858013C08CC403A,1923B733CB7035
8D8013F1585583B8528FA36E436D,1923C358B8DC33
8D8013F1585583B8348FA272CA99,1923E5EB00BC2A
8D8013F19914139FB8081C4CB1B9,1923EDAB2BB23C
8D8013F1F82300020049BC05CD5E,1923FA2F34AB29
8D8013F1EA1F5858013C08CC403A,19240D7B1F9C21
8D8013F19914139FB8041C04EBB9,1924110E994D26
8D8013F158558774EC11B5EE1493,192427B58DA721
8D8013F19914139FB8081C4CB1B9,19242F74BE8D20
8D8013F158558774D411B4E77AAB,19244A809F6A27
8D8013F1EA1F5858013C08CC403A,19245A985E232A
8D8013F1585583B7C88F9EA17849,19246AB0AD2622
8D8013F12218C1F2C7182057DEA3,19246E44458B20
8D8013F19914139FB0041C6A49B1,19246EDC859E1E
8D8013F1585583B7AE8F9DBDEDA6,19248CE36CC52A
8D8013F19914139FB8041C04EBB9,19248D7BC06022
8D8013F1F82300020049BC05CD5E,19249967F40622
8D8013F19914139FB0041C6A49B1,1924AAB0FFE91B
8D8013F1EA1F5858013C08CC403A,1924AB495AD71D
8D8013F1585583B77A8F9B372060,1924CF4603FD2D
8D8013F19914139FB8041C04EBB9,1924D1A8267224
8D8013F1E1021F0000000021B5E8,1924D66D200728
8D8013F19914139FB8081C4CB1B9,1924EAB151361E
8D8013F1EA1F5858013C08CC403A,1925005F522933
8D8013F19914139FB8041C04EBB9,19250A818D7333
8D8013F1585587743811AE9B85DE,192512410CB829
8D8013F19914139FB8081C4CB1B9,19252B4A488334
8D8013F1F82300020049BC05CD5E,1925327163C223
8D8013F19914139FB8081C4CB1B9,19255077E17123
8D8013F1EA1F5858013C08CC403A,192551A8BB3039
8D8013F1585583B7108F98724683,192554A3BC5A1F
8D8013F19914139FB8081C4CB1B9,19256AB1EF6A1E
8D8013F19914139FB8041C04EBB9,192588B84BE521
8D8013F158558773CE11AB638618,192595D5BF191F
8D8013F1EA1F5858013C08CC403A,19259FF74BD420
8D8013F12218C1F2C7182057DEA3,1925A5ED2CC421
8D8013F19914139FB8041C04EBB9,1925ABE3248831
8D8013F158558773A011A9EE45F6,1925CFE04E091D
8D8013F19914139FB8081C4CB1B9,1925D3733B4921
8D8013F19914139FB8081C4CB1B9,192618D126EB25
8D8013F1585587735611A73A2CF7,19262DADFB4D18
8D8013F1EA1F5858013C08CC403A,192642C348C231
8D8013F1585583B6488F919F21FF,19264EAF14E32A
8D8013F19914139FB8041C04EBB9,19265BCC68C831
8D8013F1585583B62A8F90B4F90F,1926714158AD51
8D8013F1F82300020049BC05CD5E,192677CFDC422B
8D8013F19914139FB8081C4CB1B9,19267B6363521C
8D8013F1585583B6168F8F8A72AA,19268F4803C431
8D8013F1EA1F5858013C08CC403A,192691AA55296A
8D8013F19914139FB0041C6A49B1,1926A25AFC5B2D
8D8013F1585583B5FC8F8E590B0A,1926AAB384CF2C
8D8013F19914139FB0041C6A49B1,1926C6578CD823
8D8013F158558772D811A24642B8,1926D1AAAA8D36
8D8013F1EA1F5858013C08CC403A,1926E25B96A732
8D8013F19914139FB0041C6A49B1,1926E5561C0934
8D8013F12218C1F2C7182057DEA3,1926EB4C156420
8D8013F19914139FB8041C04EBB9,1927022B960A17
8D8013F158558772AA11A1B0C243,19270C4DA61E2A
8D8013F1F82300020049BC05CD5E,19271D96E2691F
8D8013F19914139FB8041C04EBB9,19271FF92EDC32
8D8013F1EA1F5858013C08CC403A,192731DAEC1B23
8D8013F1585583B5828F8A09A8D9,1927478938FB2E
8D8013F1E1021F0000000021B5E8,192757089E8B32
8D8013F19914139FB8041C04EBB9,19276556CDB645
8D8013F1585583B5688F89A6CA97,192765EF67C01B
8D8013F1EA1F5858013C08CC403A,1927835D785032
8D8013F15855877246119DCDD8AB,19278BB5AA5831
8D8013F19914139FB8041C04EBB9,1927A25C37AA36
8D8013F1585583B5308F879F809C,1927AD16D1BB27
8D8013F1F82300020049BC05CD5E,1927B99B958734
8D8013F19914139FB8041C04EBB9,1927C48EF6FB1C
8D8013F1585583B5168F8609F13A,1927CD7FDC512D
8D8013F1EA1F5858013C08CC403A,1927D40E488620
8D8013F19914129FB0041C69437F,1927E7BA4BC329
8D8013F1585583B4E88F85677B33,1928078A3C511E
8D8013F1EA1F5858013C08CC403A,19282426892220
8D8013F12218C1F2C7182057DEA3,192828EB57031E
8D8013F19914129FB8041C07E177,19282DB05F4D1B
8D8013F158558771B011989A2E21,19284A85B00B22
8D8013F19914129FB8041C07E177,19284C4F39DE1E
8D8013F1F82300020049BC05CD5E,19285D985B7C1E
8D8013F158558771961198F3AB8E,192868EBA3BB1F
8D8013F19914129FB0041C69437F,19286E4952932D
8D8013F1EA1F5858013C08CC403A,1928743EE01424
8D8013F1585583B4828F822225E6,1928882371542A
8D8013F1E1021F0000000021B5E8,19288FE3704832
8D8013F19914129FB0041C69437F,192894A7CDDB21
8D8013F15855877164119610938B,1928A7BB3A9825
8D8013F19914129FB0041C69437F,1928B7D2AA6632
8D8013F1EA1F5858013C08CC403A,1928C8242C472F
8D8013F1585587714C1195C4A5B8,1928CB1EC2FF31
8D8013F19914129FB0041C69437F,1928D8D49DC329
8D8013F1585583B4308F7FB1A96B,1928EAB6579620
8D8013F19914129FB0081C21197F,1928F90498C226
8D8013F1F82300020049BC05CD5E,192900645D3C2A
8D8013F1EA1F5858013C08CC403A,1929183BFED622
8D8013F19914129FB8041C07E177,1929386BE7F42C
8D8013F158558770E61192CAFAC1,19294C5087DA24
8D8013F1EA1F5858013C08CC403A,1929668A831624
8D8013F12218C1F2C7182057DEA3,19296DB214DC1D
8D8013F158558770B01190B1A31E,1929907CFB2A28
8D8013F19914129FB0081C21197F,1929C2C7A9AB2C
8D8013F1E1021F0000000021B5E8,1929CD8248302B
8D8013F1585587707E118E93B0F6,1929D07D51A72C
8D8013F19914129FB0081C21197F,1929E2F79A2B21
8D8013F1585583B3608F78CA37B4,1929F30F966A29
8D8013F19914129FB0081C21197F,192A078CB07E34
8D8013F1EA1F5858013C08CC403A,192A082553B031
8D8013F19914129FB0081C21197F,192A268B718D28
8D8013F15855877032118C40A7B3,192A2EE3C8332B
8D8013F1F82300020049BC05CD5E,192A37D4951F38
8D8013F19914129FB0081C21197F,192A4BB949872C
8D8013F1585587701E118BA3F8B2,192A4C51DE9030
8D8013F1EA1F5858013C08CC403A,192A5542CAFB20
8D8013F1585583B3048F75CD5E98,192A65F32C5923
8D8013F19914129FB0081C21197F,192A68EE398926
8D8013F19914129FB0081C21197F,192A852AE9D525
8D8013F15855876FEC11898CADEE,192A8BB981412A
8D8013F1EA1F5858013C08CC403A,192AA55AE5032C
8D8013F19914129FB0081C21197F,192AA724A29724
8D8013F15855876FCE1189D27945,192AADB3A4A426
8D8013F12218C1F2C7182057DEA3,192AB60B768A28
8D8013F19914129FB0081C21197F,192AC5C3EBFF29
8D8013F15855876FBA1188081C23,192ACA88B2CC2B
8D8013F1F82300020049BC05CD5E,192ADF65524226
8D8013F15855876FA011875FF2F1,192AE85630C221
8D8013F1EA1F5858013C08CC403A,192AF3AA10DD2B
8D8013F1585583B2848F710C9F50,192B06F5B2512C
8D8013F19914129FB0081C21197F,192B078E0C842F
8D8013F1E1021F0000000021B5E8,192B0B21D9A527
8D8013F15855876F6E11857D499B,192B27BE326B22
8D8013F1EA1F5858013C08CC403A,192B48BF767D2C
8D8013F19914129FB0081C21197F,192B4B2231892E
8D8013F1585583B24D0D59EBAF1E,192B4D84547B28
8D8013F15855876F3C8F6E860811,192B68EF5E2321
8D8013F19914129FB0081C21197F,192B6AB97D2126
8D8013F19914129FB0081C21197F,192B8D848B2B2C
8D8013F15855876F1E8F6D2734A8,192B8FE7355E2B
8D8013F1EA1F5858013C08CC403A,192B97A694E627
8D8013F19914129FB0041C69437F,192BA7BF03A621
8D8013F1585583B1FB0D5636CDB1,192BB1E08E9C30
8D8013F19914129FB0041C69437F,192BCEB5FBBC2E
8D8013F15855876EEC8F6BEF8192,192BD1B10A1533
8D8013F19914129FB0041C69437F,192BE72642AB2F
8D8013F1EA1F5858013C08CC403A,192BE7BF2F5934
8D8013F15855876ED28F6B35E225,192BEF7E8A7C2C
8D8013F12218C1F2C7182057DEA3,192BF86F743726
8D8013F15855876EBE8F6A5C615B,192C0BBB62D230
8D8013F19914129FB8041C07E177,192C1FFF866528
8D8013F1F82300020049BC05CD5E,192C22FA71672B
8D8013F1585583B1990D531D2D77,192C2ABA6E672F
8D8013F19914129FB8081C4FBB77,192C452D301B2B
8D8013F1E1021F0000000021B5E8,192C4B2339D129
8D8013F1585583B17F0D52EBA02E,192C4D8587FA2F
8D8013F1585583B16B0D5201B53A,192C65F59F5D1C
8D8013F19914129FB8041C07E177,192C786FFD5D26
8D8013F1EA1F5858013C08CC403A,192C882891D428
8D8013F19914129FB8081C4FBB77,192CB60DF9D92A
8D8013F1F82300020049BC05CD5E,192CC3FCFA8B32
8D8013F1585583B11F0D4FDB78DE,192CC8C156E532
8D8013F19914129FB8081C4FBB77,192CD70F92E120
8D8013F1EA1F5858013C08CC403A,192CD972262122
8D8013F1585583B1010D4EBB9349,192CEB53B4801C
8D8013F19914129FB8081C4FBB77,192CF27AF0472F
8D8013F1585583B0EB0D4D3F0C54,192D08C1AEC931
8D8013F19914129FB8081C4FBB77,192D15DF2CAC1C
8D8013F15855876DE28F622E598C,192D242CEA401C
8D8013F1EA1F5858013C08CC403A,192D255E11542C
8D8013F12218C1F2C7182057DEA3,192D2E4EF4A72A
8D8013F19914129FB0041C69437F,192D360EA7AD2D
8D8013F1585583B0B90D4C8CEC9D,192D495A9D5C29
8D8013F19914129FB8041C07E177,192D554666131C
8D8013F1F82300020049BC05CD5E,192D5C6DB5B01B
8D8013F15855876DAA8F6135EBC4,192D6A23128A33
8D8013F1EA1F5858013C08CC403A,192D714A2F7E1F
8D8013F19914129FB8041C07E177,192D73AD0C792F
8D8013F1585583B0850D4A4D0385,192D88C276BD2D
8D8013F1E1021F0000000021B5E8,192D8FE9B91B13
8D8013F15855876D7C8F5FA5DF84,192DA263EAAC23
8D8013F19914129FB0041C69437F,192DB019559F31
8D8013F1EA1F5858013C08CC403A,192DC3FE61BC32
8D8013F15855876D5E8F5E04FF26,192DC9F4288D30
8D8013F19914129FB8041C07E177,192DD6783ADC26
8D8013F1585583B0330D47EC7AC4,192DED1EAB5F22
8D8013F1F82300020049BC05CD5E,192DF577252E33
8D8013F19914129FB8081C4FBB77,192DF90A7ABD3B
8D8013F15855876D288F5C3ADAD0,192E1082ACAF41
8D8013F1EA1F5858013C08CC403A,192E14162AC622
8D8013F1585583AFFB0D452E1D2B,192E327C4A5832
8D8013F19914129FB8041C07E177,192E42CD4F783E
8D8013F1585583AFE10D4479A7B8,192E54AF069C3D
8D8013F19914129FB0041C69437F,192E609AEA2E1D
8D8013F1EA1F5858013C08CC403A,192E61337F3740
8D8013F12218C1F2C7182057DEA3,192E727C95D927
8D8013F15855876CD68F5AAB9CE6,192E7577913623
8D8013F19914129FB8041C07E177,192E7AD4EE443F
8D8013F1F82300020049BC05CD5E,192E937E382730
8D8013F1EA1F5858013C08CC403A,192EAD1F9C572D
8D8013F15855876CA08F5895B910,192EC06BAD5E2F
8D8013F19914129FB8041C07E177,192EC10489B13B
8D8013F1E1021F0000000021B5E8,192EC6619B003E
8D8013F19914129FB0041C69437F,192ED974677638
8D8013F19914129FB8041C07E177,192EFA3D061544
8D8013F1EA1F5858013C08CC403A,192F0104D66A40
8D8013F1585583AF570D40275A9C,192F0366DC102F
8D8013F15855876C548F55A59081,192F1BD798FA48
8D8013F1F82300020049BC05CD5E,192F2B57290547
8D8013F19914129FB8041C07E177,192F36AA09FF44
8D8013F15855876C3C8F54FB42FB,192F39A4FE772D
8D8013F1EA1F5858013C08CC403A,192F4E21F82236
8D8013F19914129FB8041C07E177,192F5B3ECCA531
8D8013F15855876C228F54645D65,192F5C700BA640
8D8013F19914129FB8041C07E177,192F76116F783D
8D8013F1585583AEF10D3D723896,192F83678B4B29
8D8013F19914129FB8041C07E177,192F9418051434
8D8013F1EA1F5858013C08CC403A,192F9C70595944
8D8013F15855876BF08F52119B9C,192F9E3A10843E
8D8013F19914129FB8041C07E177,192FB01C09655A
8D8013F15855876BD68F5187F621,192FC06D294031
8D8013F12218C1F2C7182057DEA3,192FC2369A6A45
8D8013F1F82300020049BC05CD5E,192FCBC0458D34
8D8013F19914129FB8041C07E177,192FD084D99234
8D8013F15855876BBE8F50D9245B,192FDE3A6A5C47
8D8013F1EA1F5858013C08CC403A,192FEA26447831
8D8013F19914129FB0081C21197F,192FEDBA47CC45
8D8013F15855876BA08F4FB97B55,193005CA82A43A
8D8013F19914139FB0041C6A49B1,193011B662DB38
8D8013F15855876B868F4E2F0AF3,19302430D9455A
8D8013F19914139FB0041C6A49B1,19302A26940F47
8D8013F1EA1F5858013C08CC403A,193039A66BE244
8D8013F1585583AE390D3683FE1F,193065FAB45444
8D8013F19914139FB0081C2213B1,1930701CC4A649
8D8013F15855876B368F4BA2FA58,19308C59A6C02B
8D8013F19914139FB0081C2213B1,19308E2361A539
8D8013F19914139FB0081C2213B1,1930AF84A36649
8D8013F15855876AFA8F49B014E3,1930D5E3E9132E
8D8013F19914139FB0081C2213B1,1930D67C161B35
8D8013F1EA1F5858013C08CC403A,1930DBD9A69C42
8D8013F19914139FB0041C6A49B1,1930F90E55AE43
8D8013F1F82300020049BC05CD5E,193105CBE8BC33
8D8013F15855876AC88F4733D019,19311714E57D3D
8D8013F1EA1F5858013C08CC403A,19312AC0BD163C
8D8013F19914149FB0041C637DDB,19313A3FCE2E4E
8D8013F15855876A968F46D9C3DC,1931567CAB273F
8D8013F19914149FB0041C637DDB,19315C7288EB41
8D8013F1585583AD5F0D2E1C14A3,193177DDC1A245
8D8013F19914149FB0081C2B27DB,19317A4025C44D
8D8013F1F82300020049BC05CD5E,19319ED58BAE50
8D8013F19914149FB0041C637DDB,19319F6DCEED45
8D8013F1585583AD2B0D2C3999D7,1931B6AD296051
8D8013F19914149FB8081C4585D3,1931B7DDF98A4D
8D8013F1EA1F5858013C08CC403A,1931CA91879942
8D8013F19914149F98081C00F9FA,1931D7AE986A3E
8D8013F15855876A2C8F42DECDF4,1931DC73298039
8D8013F19914149F98041C48A3FA,1931F4E3959B3D
8D8013F19914149F90041C2601F2,1932197882BB3E
8D8013F1EA1F5858013C08CC403A,19321B42428244
8D8013F1585583ACD90D290EC4FF,19322138953747
8D8013F1F82300020049BC05CD5E,19323877504D42
8D8013F158558769DC8F3FA7109C,1932449C25CC4F
8D8013F12218C1F2C7182057DEA3,19324D8CF4EA44
8D8013F1585583ACA10D2772F2DD,19326564C27739
8D8013F1EA1F5858013C08CC403A,19326C8BCEA238
8D8013F19914149F98041C48A3FA,193274E46A2147
8D8013F1585583AC890D26A6D8F5,193286FF272843
8D8013F1E1021F0000000021B5E8,19328C5C349F2D
8D8013F19914149F98041C48A3FA,19329383A88C36
8D8013F1585583AC730D25D4FEAB,19329ED6C97D25
8D8013F1EA1F5858013C08CC403A,1932C070AFF640
8D8013F158558769788F3B3F012A,1932C53562BD42
8D8013F19914149F90041C2601F2,1932CE26348B35
8D8013F1F82300020049BC05CD5E,1932D4B4BB9C37
8D8013F1585583AC410D23574A3D,1932DF6F5A2133
8D8013F19914149F98081C00F9FA,1932EC8C6B3035
8D8013F158558769468F39E57E86,1933049D16D331
8D8013F19914149F98081C00F9FA,193311218BD428
8D8013F1EA1F5858013C08CC403A,193311BA289D29
8D8013F1585583AC0D0D21845D78,1933213968D32B
8D8013F19914149F90041C2601F2,19332EEF119A39
8D8013F1EA1F5858013C08CC403A,193360A12AC432
8D8013F1585583ABD50D1F85C00F,193364CDA4CB35
8D8013F19914149F98041C48A3FA,19336DBE87EF3A
8D8013F1F82300020049BC05CD5E,193377E04E7725
8D8013F12218C1F2C7182057DEA3,19338B2C534929
8D8013F1585583ABA30D1DBBE5F9,1933A72FF0D12B
8D8013F1EA1F5858013C08CC403A,1933ADBF1FDA26
8D8013F19914149F90081C6E5BF2,1933B28338552D
8D8013F1E1021F0000000021B5E8,1933D41D680C31
8D8013F19914149F98041C48A3FA,1933D4B60D3229
8D8013F158558768908F32A05AC2,1933E861794F26
8D8013F19914149F90041C2601F2,1933F57E891638
8D8013F1EA1F5858013C08CC403A,193400723CA13E
8D8013F1585587687C8F3123C10A,19340536F8EE3C
8D8013F19914149F90081C6E5BF2,19341C7601E527
8D8013F1F82300020049BC05CD5E,19341ED8B17735
8D8013F158558768508F30C0BA26,193439AB498C36
8D8013F19914149F90041C2601F2,1934410B750E34
8D8013F1EA1F5858013C08CC403A,19344FF2399F2B
8D8013F1585583AB0F0D18B2A24E,19345ED8FCF732
8D8013F19914149F98081C00F9FA,193460A26E212B
8D8013F19914149F90041C2601F2,1934787A21112F
8D8013F1585587681E8F2E08AD63,193479AB9AE931
8D8013F1585587680A8F2D1D5065,19349680DDFB32
8D8013F19914149F90081C6E5BF2,19349B4569362B
8D8013F1EA1F5858013C08CC403A,19349BDE5F6A34
8D8013F19914149F98041C48A3FA,1934B31D0B8B37
8D8013F158558767F08F2C1C8608,1934B57F81FC33
8D8013F1F82300020049BC05CD5E,1934C5D083722E
8D8013F12218C1F2C7182057DEA3,1934C669251E35
8D8013F1585583AAB30D14B2D8DF,1934D41EA0E92E
8D8013F19914149F98081C00F9FA,1934DAAD25892C
8D8013F1EA1F5858013C08CC403A,1934EBF6502F31
8D8013F1585583AA990D137D7E58,1934F0BB573143
8D8013F19914149F98041C48A3FA,193501A4C84640
8D8013F1E1021F0000000021B5E8,19351E410DC314
8D8013F19914149F98081C00F9FA,193520A39C222D
8D8013F158558767928F293766CE,19352F8A2A1234
8D8013F1EA1F5858013C08CC403A,19354073CDB039
8D8013F1585583AA4D0D11F78BA8,1935541F419E22
8D8013F19914149F98081C00F9FA,19355B46591419
8D8013F1F82300020049BC05CD5E,193560A3BFE62E
8D8013F158558767608F27D45ECB,19356EF1ED3B32
8D8013F19914149F98041C48A3FA,19357B766C002C
8D8013F158558767468F26422F6D,193591BD660525
8D8013F19914149F98081C00F9FA,19359C77DD7B25
8D8013F1585583AA070D0EF739E0,1935AB5EAD4734
8D8013F1585583A9ED0D0D245C5B,1935CE2A04211F
8D8013F1EA146858013C082BCB91,1935DC7830BB33
8D8013F1F82300020049BC05CD5E,1936036FD40528
8D8013F19914149F90041C2601F2,1936066ACFE027
8D8013F19914149F90041C2601F2,19361EDB59751F
8D8013F1EA13A858013C0858057D,19362995DCA321
8D8013F158558766A68F204C76C5,19365C78DB4428
8D8013F19914139F98081C09CD90,1936660243C11E
8D8013F1E1021F0000000021B5E8,1936686517F22E
8D8013F1585587668E8F1F9929C4,19367A46842326
8D8013F19994139F90041CBEF2E7,19368B3017A42D
8D8013F1585583A9490D07BC19AC,193698E5E6EE23
8D8013F1F82300020049BC05CD5E,1936A3A06A5A29
8D8013F1EA13A858013C0858057D,1936C8355B1529
8D8013F19994139F98041CD050EF,1936CC61FE3032
8D8013F1585583A9170D05A9E27B,1936DA171B032A
8D8013F19994139F90041CBEF2E7,1936E7CD2D042D
8D8013F1585583A9030D04BC0366,1936F287476536
8D8013F19994139F98081C980AEF,1937053AB50B2B
8D8013F1EA13A858013C0858057D,193715EB991736
8D8013F158558766148F1BDB5BC5,193717B5156C25
8D8013F19994139F90041CBEF2E7,193720A5E19D23
8D8013F12218C1F2C7182057DEA3,193733B97DC73B
8D8013F1585583A8CB0D036670E6,193737E5036C36
8D8013F19994139F90081CF6A8E7,19373A47534A35
8D8013F1F82300020049BC05CD5E,193745D3AA742C
8D8013F1585583A8B70D02D2B788,19375422371028
8D8013F1EA13A858013C0858057D,19376439CEF826
8D8013F158558765CA8F18A75743,19377451E68F30
8D8013F19994139F98081C980AEF,19378371C4C933
8D8013F1585583A8830D007DC2AE,1937938993DE2A
8D8013F19994139F98081C980AEF,19379C7A656E2C
8D8013F1585583A86F0CFFF5B874,1937AD2B21024D
8D8013F1EA13A858013C0858057D,1937B3B9D5AB39
8D8013F19994139F980C1CA03CEF,1937B87E480E38
8D8013F1585583A8550CFEE77ECE,1937CD94574C15
8D8013F19994139F98141C3088EF,1937D8E7843327
8D8013F1F82300020049BC05CD5E,1937E56BA23B2E
8D8013F158558765708F155FDD0E,1937E997BE532B
8D8013F1EA13A858013C0858057D,1938040B234C25
8D8013F1585583A8090CFCE92D9B,19382AC989F530
8D8013F19994139FB81C1C0598C6,193836B564102B
8D8013F1585573A7F50CFB2DF3F4,1938479EB3F116
8D8013F1EA13A858013C0858057D,193854BBA62D30
8D8013F19994139FB81C1C0598C6,19385A1902FD29
8D8013F1585577650C8F11FD03F6,1938699855C13D
8D8013F12218C1F2C7182057DEA3,19386BFAB21327
8D8013F19994139FB8201C935ECF,193879B0CEC239
8D8013F1F82300020049BC05CD5E,1938883793EE2A
8D8013F1585573A7BB0CF9E54C33,19388D94E9A932
8D8013F1EA13A858013C0858057D,1938A43B61FC33
8D8013F1585573A7A70CF89E0F26,1938A736600939
8D8013F1585573A7890CF76688C9,1938CCFCEF4928
8D8013F19994139FD8241C64ECB4,1938DC7C60C125
8D8013F1E1021F0000000021B5E8,1938EBFB652634
8D8013F158557764A28F0D3B752D,1938EF8EE84E30
8D8013F1EA13A858013C0858057D,1938F0C0674630
8D8013F19994139FD8241C64ECB4,1938F584DA552A
8D8013F158556764828F0CB151ED,1939168671792C
8D8013F1F82300020049BC05CD5E,193927D00A8936
8D8013F1585563A7370CF499AB21,193931F201B634
8D8013F1EA13A858013C0858057D,193945D6311F25
8D8013F158556764508F0BE891A4,193957B7E15E26
8D8013F19994139FF8281C69CA9D,193960A8C6752B
8D8013F158556764388F0AB643DE,19397585A88322
8D8013F19994139FF8241C21909D,193981126D0D2F
8D8013F1EA13A858013C0858057D,1939971F965E26
8D8013F1585567641E8F09202E63,193997B83CAD19
8D8013F19994139FF8201C19A69D,1939A0A97C5821
8D8013F12218C1F2C7182057DEA3,1939B28AEBB52D
8D8013F1585553A6CB0CF042ACAE,1939B880B62F2D
8D8013F19994139FF8241C21909D,1939C374649A32
8D8013F1F82300020049BC05CD5E,1939CB342D992F
8D8013F1585553A6B50CEFED77DB,1939D556221732
8D8013F19994139FF8241C21909D,1939DE47155831
8D8013F1EA13A858013C0858057D,1939E86923F52B
8D8013F1585553A69D0CEE395DF3,1939F0C1A7C536
8D8013F19994139FF8241C21909D,1939FAE37CC436
8D8013F158555763BE8F050D1924,193A125BA7F027
8D8013F1999413A018241C485317,193A2273706D35
8D8013F1585553A6690CED092023,193A328B6B073A
8D8013F1EA13A858013C0858057D,193A361F23673C
8D8013F1999413A018201C706517,193A496B1FEC3A
8D8013F1999413A018201B8FB533,193A6607539727
8D8013F1F82300020049BC05CD5E,193A6DC7816B2B
8D8013F1585557636C8F0254D96D,193A7586B9E32D
8D8013F1999413A018201C706517,193A8709668234
8D8013F1EA13A858013C0858057D,193A8B3534A92B
8D8013F158554763588F02CB1CB0,193A925C4F3C28
8D8013F1585543A6070CE9B46B00,193AAC96324D35
8D8013F1999413A018241C485317,193AB88207393C
8D8013F1585547632A8F00C26842,193ACA9CCC5D3A
8D8013F1585543A5D70CE775805B,193AE7393FFF37
8D8013F1999413A038241C0D2F3E,193AEE60339130
8D8013F12218C1F2C7182057DEA3,193AF6B90E4C2A
8D8013F1F82300020049BC05CD5E,193B0D983F6B3D
8D8013F1991413A038201CA4DE41,193B0EC9351F27
8D8013F1991413A038201CA4DE41,193B2ACD598B34
8D8013F1991413A038241C9CE841,193B48D39BF627
8D8013F158554762C48EFC85AF5B,193B4C67672329
8D8013F1991414A058241BA58874,193B61DCC7363B
8D8013F1585533A56B0CE432E171,193B6ACDA1CF31
8D8013F1E1021F0000000021B5E8,193B6DC897CD31
8D8013F1EA13A858013C0858057D,193B791B8C102E
8D8013F1991414A058241C5A5850,193B7B7DFA732A
8D8013F158553762908EFB89D499,193B8B36570129
8D8013F1991414A058241BA58874,193B97BAE6CE33
8D8013F1585533A5370CE23C8A12,193BAD3030B939
8D8013F1F82300020049BC05CD5E,193BB02AFD3739
8D8013F1991414A058241C5A5850,193BBAE5BFDE2D
8D8013F1EA13A858013C0858057D,193BC96CCFBF2C
8D8013F158553762588EF878627C,193BCFFBD76936
8D8013F1991413A058241BACBC1E,193BE1DD63D43E
8D8013F1585537623E8EF89B1F81,193BEDC95F143B
8D8013F1991413A058281C1B363A,193C08D4A53818
8D8013F1585523A4E30CDF53AF71,193C12F6F40A29
8D8013F1EA13A858013C0858057D,193C1722BEC72D
8D8013F1991413A078281BA19A37,193C23A73E4737
8D8013F12218C1F2C7182057DEA3,193C2D30989B35
8D8013F1991413A078241C161013,193C46728AE127
8D8013F1F82300020049BC05CD5E,193C4ECACF7631
8D8013F1585523A4A90CDDAC41B2,193C5A1E11E92D
8D8013F1EA13A858013C0858057D,193C6571471D27
8D8013F1991413A078241BE9C037,193C66A280FE3D
8D8013F158552761CE8EF42F3808,193C79B5B79835
8D8013F1991413A078281C5E4A13,193C88D52AB42C
8D8013F158552761B88EF3EED1C1,193C95F287DF24
8D8013F1991413A078281BA19A37,193CA86CA20038
8D8013F1E1021F0000000021B5E8,193CB458524C26
8D8013F1585527619E8EF278A067,193CB4F1042437
8D8013F1EA13A858013C0858057D,193CB5899CC733
8D8013F1991413A078241C161013,193CCB37F80F2C
8D8013F1F82300020049BC05CD5E,193CEB67DCC73E
8D8013F1585517616C8EF0CA2518,193CF458A12845
8D8013F1EA13A858013C0858057D,193D083D5A432C
8D8013F1991413A098241C3390C5,193D0E3326F039
8D8013F1585513A40B0CD74908E3,193D1B5023F937
8D8013F1991413A098241BCC40E1,193D30C5BF323D
8D8013F158551761328EEEDF764D,193D3A4EF6DB44
8D8013F1991413A098241BCC40E1,193D5095D5592B
8D8013F1EA13A858013C0858057D,193D58EE6CC13A
8D8013F12218C1F2C7182057DEA3,193D6A37437C47
8D8013F1991413A098201BF476E1,193D7328164448
8D8013F158551761048EED945FE0,193D74F1F6F142
8D8013F1F82300020049BC05CD5E,193D88D67E3E41
8D8013F1991413A0B8201BB10AC8,193D91C7508937
8D8013F1585503A3A30CD36BB400,193D9987712E36
8D8013F1EA13A858013C0858057D,193DA4DA8F3141
8D8013F1991413A0B8241B893CC8,193DAE63B7C651
8D8013F158550760D08EEB05C395,193DB6236BC75A
8D8013F1585503A36D0CD2B6E778,193DDAB87D3838
8D8013F1991413A0B8241B893CC8,193DEDCBC2E542
8D8013F1EA13A858013C0858057D,193DF1F79C9638
8D8013F1585503A34D0CD10C7343,193E0117BE8053
8D8013F1991413A0B8241B893CC8,193E0D9BD13D33
8D8013F1585503A3330CD0A31CAF,193E20161B662B
8D8013F1991413A0B8241B893CC8,193E299F9E123B
8D8013F1F82300020049BC05CD5E,193E2AD125583A
8D8013F15853F3A31F0CCF97CEC4,193E3886556544
8D8013F1991413A0B8241B893CC8,193E4AA13BFC31
8D8013F15853F760488EE67480AD,193E5C82E4F737
8D8013F1991414A0D8281B07D6D9,193E6D336BC03E
8D8013F15853F7602A8EE55F4446,193E8413527442
8D8013F1991414A0D8281B07D6D9,193E8B3A2C1624
8D8013F15853F3A2C50CCC8B69E0,193EA4DBF7D934
8D8013F1991414A0D8241B4F8CD9,193EA6A54CB144
8D8013F12218C1F2C7182057DEA3,193EA73DF7E23E
8D8013F15853F3A2A90CCBE2CEB3,193EC970B9363B
8D8013F1F82300020049BC05CD5E,193ECAA1E21033
8D8013F1991414A0D8281B07D6D9,193ECD9D0EAE32
8D8013F1EA13A858013C0858057D,193EE01713152F
8D8013F15853E3A28F0CCA4413F5,193EE60D30CF27
8D8013F1991414A0D8281B07D6D9,193EE907FEC439
8D8013F15853E75FC28EE168B112,193F05DD83923D
8D8013F1991414A0D8281B07D6D9,193F084004C240
8D8013F15853E3A25F0CC8F9B701,193F1EE6AE2730
8D8013F1991414A0F8241B0AF0F0,193F2279C94E3B
8D8013F1E1021F0000000021B5E8,193F273E86D32C
8D8013F1EA13A858013C0858057D,193F302F6C6833
8D8013F15853E75F928EDF3E7879,193F3A5161E039
8D8013F1991414A0F8201B32C6F0,193F437B736D32
8D8013F15853E75F7E8EDF420BA3,193F58580E7E33
8D8013F1991414A0F8241B0AF0F0,193F61E1F92B3F
8D8013F1F82300020049BC05CD5E,193F66A63BE342
8D8013F15853E3A2150CC5F9F98A,193F79209EF43E
8D8013F1EA13A858013C0858057D,193F837BB43E3A
8D8013F1991414A0F8241B0AF0F0,193F87A7DA0B38
8D8013F15853E75F448EDDAF250B,193F9D1D12253E
8D8013F1991414A0F8201B32C6F0,193FA908F93145
8D8013F15853D75F2E8EDCBBAAD3,193FB625F2FF40
8D8013F1991414A0F8201B32C6F0,193FC971DCC734
8D8013F1EA13A858013C0858057D,193FD262C60542
8D8013F15853D75F148EDBA94844,193FD68EDFEB33
8D8013F12218C1F2C7182057DEA3,193FDF7FD65833
8D8013F1991414A118201B3CBB75,193FE575B2E43B
8D8013F15853D3A1AF0CC22CED65,193FF292B1263F
8D8013F1991414A118201B3CBB75,1940037C8AF72E
8D8013F1F82300020049BC05CD5E,194007A8852033
8D8013F15853D75EE68ED961C548,194010994A7B3F
8D8013F1EA13A858013C0858057D,19402018B3E43A
8D8013F1991414A118201B3CBB75,19402444CA9D3C
8D8013F15853D75ECC8ED8AE47E2,19402EFF5E263D
8D8013F1991414A118201B3CBB75,1940467784AE38
8D8013F15853D3A15F0CBF2937F8,194054C619C631
8D8013F1991414A118241B048D75,194064DE07AE43
8D8013F1E1021F0000000021B5E8,19406740161E3F
8D8013F1EA13A858013C0858057D,194070C9DE8E3E
8D8013F15853C75E928ED774AC86,194073C4CA893C
8D8013F1991414A118241B048D75,1940841601F439
8D8013F15853C75E788ED6DBD2D3,194097C0F8E14E
8D8013F1F82300020049BC05CD5E,1940AA3BBCA03F
8D8013F1EA13A858013C0858057D,1940C4162F1E2F
8D8013F15853C3A0EF0CBB4062E9,1940DB54D8133D
8D8013F1991414A138281B09AB5C,1940E6A8214D46
8D8013F15853C75E288ED373A2AE,1940F627748E43
8D8013F1EA13A858013C0858057D,194112FD48B542
8D8013F15853C3A0BF0CB917C2B0,194113958D2D52
8D8013F12218C1F2C7182057DEA3,194120B291B93B
8D8013F15853B75DF48ED178B403,194134F6931E4D
8D8013F1991414A138241B41F15C,194148429F433F
8D8013F1F82300020049BC05CD5E,194148DB37783C
8D8013F15853B3A0850CB769E2E2,194158F37A8441
8D8013F1EA13A858013C0858057D,1941631522973A
8D8013F15853B75DBA8ECFB0A346,19417A543B2F4A
8D8013F1991414A138241B41F15C,19418C6F111C39
8D8013F15853B3A04F0CB57C088C,19419ABD421B38
8D8013F1991414A158241B8E7527,1941A7DA912D3E
8D8013F1E1021F0000000021B5E8,1941AC9EFCAB2B
8D8013F1EA13A858013C0858057D,1941B45EB1283B
8D8013F15853B75D848ECD6ADCEA,1941BA54842E41
8D8013F1991414A158241B8E7527,1941CC6F57E934
8D8013F15853B75D6A8ECCF2F3BB,1941DD1FEBA32F
8D8013F1F82300020049BC05CD5E,1941E44704903F
8D8013F1991414A158241B8E7527,1941EF01B41C39
8D8013F15853A39FFF0CB372FF89,1941F7F2808C3A
8D8013F1EA13A858013C0858057D,194208DC2FE22E
8D8013F1991414A158201BB64327,19420B3E8DAB30
8D8013F15853A39FE30CB209BC9C,194218F467F231
8D8013F1991414A158201BB64327,19422AD6276337
8D8013F15853A75D1C8EC903AA89,19424084242F3E
8D8013F1991414A158241B8E7527,19424843D9682D
8D8013F1991414A178201BF33F0E,194261E5C2C63C
8D8013F15853A75CFC8EC8F22305,194263166FC82C
8D8013F12218C1F2C7182057DEA3,194267DB821531
8D8013F15853A75CE08EC7893451,194284185AA936
8D8013F1991414A178201BF33F0E,194287AB91E326
8D8013F1F82300020049BC05CD5E,19428B3F3C592F
8D8013F15853A39F730CAE3E54A3,1942A0B4709A31
8D8013F1EA13A858013C0858057D,1942A447F20C24
8D8013F1991414A178201BF33F0E,1942A9A541AD38
8D8013F15853939F5D0CAD976E36,1942B924B8D13A
8D8013F1991414A178201BF33F0E,1942C67AAE1229
8D8013F15853975C9C8EC593EE0D,1942D692A2FE32
8D8013F1991414A178241BCB090E,1942E4483BD73C
8D8013F1E1021F0000000021B5E8,1942EAD71CBF3E
8D8013F15853975C868EC4C4549E,1942F034238F37
8D8013F1EA13A858013C0858057D,1942F32F191138
8D8013F1991414A178241BCB090E,194302E7ACCC28
8D8013F15853975C728EC3F41178,19430C7161F225
8D8013F1991414A178241BCB090E,194323AFF5B931
8D8013F1F82300020049BC05CD5E,194326AB27B731
8D8013F15853975C568EC279C85C,19432874C45630
8D8013F1EA13A858013C0858057D,1943438078C341
8D8013F15853939EE50CA9A035CF,194348DE19333C
8D8013F1991414A178241BCB090E,194349766CBF30
8D8013F15853975C268EC194E025,1943627F259E44
8D8013F1991414A178201BF33F0E,194364E1D14940
8D8013F15853875C128EC0F4D1F1,19437B87F1F634
8D8013F1991414A178201BF33F0E,19438BD903B837
8D8013F1EA13A858013C0858057D,194394CA06D73B
8D8013F15853839E9F0CA608F386,1943998EBC4E3C
8D8013F1991414A198241BEE89D8,1943ADD2FA7E41
8D8013F15853839E890CA6F94E10,1943B1662AE238
8D8013F1F82300020049BC05CD5E,1943C5E361862F
8D8013F1991414A198241BEE89D8,1943CDA3160436
8D8013F15853839E690CA4DCD2DD,1943D8F6A2714F
8D8013F1EA13A858013C0858057D,1943E61399BE37
8D8013F1991414A198201BD6BFD8,1943EB70965C44
8D8013F15853875BA88EBC22FF04,1943FB88929B37
8D8013F1991414A198201BD6BFD8,194407ADABF931
8D8013F15853875B888EBB985309,19442280261739
8D8013F1991414A198201BD6BFD8,194426AC625A33
8D8013F1E1021F0000000021B5E8,194433C98AD833
8D8013F1EA13A858013C0858057D,19443592F0C737
8D8013F15853839E130CA144D403,194441B8609238
8D8013F1991414A1981C1B4079D1,1944497790EC36
8D8013F15853839DF70CA0D5F62D,1944601E02A739
8D8013F1F82300020049BC05CD5E,194460B69B5A37
8D8013F1991414A1981C1B4079D1,194461E81F733A
8D8013F15853775B388EB8FC5226,194484B3408843
8D8013F1EA13A858013C0858057D,19448846B12136
8D8013F1991414A198201BD6BFD8,194488DF512737
8D8013F15853775B1C8EB88E7F0B,1944A280A9AE36
8D8013F1991413A1B8201B9AF79B,1944A319C0D838
8D8013F1991413A1B81C1B0C3192,1944C4B370232F
8D8013F15853775B028EB7EEC0DD,1944C67D2C412A
8D8013F1EA13A858013C0858057D,1944D4CB6EA530
8D8013F15853739D850C9DCBD656,1944E4E3E05332
8D8013F12218C1F2C7182057DEA3,1944EDD4BCDF2D
8D8013F1F82300020049BC05CD5E,194501B8DD2529
8D8013F1991413A1B8241BA2C19B,194504B3CB532B
8D8013F15853739D6B0C9C53F907,194508DFEE4233
8D8013F15853775AAC8EB4D7F696,194527DF1FAE2F
8D8013F1991413A1B8201B9AF79B,1945454CC7FF1F
8D8013F15853639D2F0C9ADED89C,19454ED62D1133
8D8013F1E1021F0000000021B5E8,19456A4156B532
8D8013F15853639D130C99E0FBBB,19456ADAA7F936
8D8013F1EA13A858013C0858057D,19457332395C39
8D8013F1991413A1D8201B5573E0,194584B469A637
8D8013F1F82300020049BC05CD5E,1945A01F9CA13D
8D8013F15853639CDD0C97E9F5D8,1945AC0B73513A
8D8013F1991413A1D8241B6D45E0,1945C5E5E39D2B
8D8013F1EA13A858013C0858057D,1945C7AFAF1C3B
8D8013F15853639CC10C9692B6CD,1945CD0D4C602A
8D8013F15853639CAB0C95D7D02E,1945E615D2683B
8D8013F1991413A1D8241B6D45E0,19460D0DA7802F
8D8013F1EA13A858013C0858057D,19461860951C38
8D8013F158535759D68EAD5206FF,194627E037772D
8D8013F12218C1F2C7182057DEA3,19462CA49ECE2F
8D8013F1F82300020049BC05CD5E,194645E68E932A
8D8013F15853539C590C93656D67,1946484917922E
8D8013F15853539C3F0C9279E493,194664E592D549
8D8013F158535759868EAAFA6A99,19468BDD2C8A24
8D8013F1E1021F0000000021B5E8,1946A3B46AC730
8D8013F15853539C070C908F62B9,1946A57E34BF39
8D8013F1F82300020049BC05CD5E,1946E748475930
8D8013F158534759348EA75CEE3C,1946E7E12D2239
8D8013F1EA13A858013C0858057D,1947084A0A5E38
8D8013F158534759048EA63B220C,19472283DD5231
8D8013F15853439B850C8B62E869,194741235FEB30
8D8013F1EA13A858013C0858057D,19475993552030
8D8013F158534758D48EA4AD7BAB,19475DBF71292E
8D8013F158533758B88EA3579A58,1947808AC79633
8D8013F1F82300020049BC05CD5E,194787B1DE022A
8D8013F158533758988EA2ED1278,1947A1EC870338
8D8013F1EA13A858013C0858057D,1947A9AB9A5F25
8D8013F15853339B110C880E5762,1947C7B23B7434
8D8013F1E1021F0000000021B5E8,1947DC8EED793E
8D8013F158533758628EA060C02F,1947E3B5F2513F
8D8013F1EA13A858013C0858057D,1947F9C4388B35
8D8013F158533758488E9FAE37AC,1948041F6D832D
8D8013F158533758328E9FC9FD4D,19481DC0652E32
8D8013F1F82300020049BC05CD5E,194823B64B0037
8D8013F15853239AA90C8409D017,194842EED5CE21
8D8013F1EA13A858013C0858057D,19484C77876E26
8D8013F15853239A8D0C83842D1E,194860BC078937
8D8013F15853239A730C82C1465F,1948838718CF1C
8D8013F1EA13A858013C0858057D,19489A2D725F27
8D8013F158532757C68E9B451071,19489E5994D12A
8D8013F1F82300020049BC05CD5E,1948C1BD8E8F29
8D8013F15853239A3B0C8025001E,1948C25625CB2D
8D8013F15853239A1F0C7FAD29B3,1948E154C87421
8D8013F1EA13A858013C0858057D,1948E6B28F681F
8D8013F158531757708E98B5C851,19490551888D1C
8D8013F1E1021F0000000021B5E8,19491B5F5CC420
8D8013F158531399E90C7D54FA3D,19492155317F28
8D8013F1EA13A858013C0858057D,1949346825DF20
8D8013F1585317571E8E95C7ABF7,19496286DA3721
8D8013F1F82300020049BC05CD5E,1949631F49682E
8D8013F158531399910C7AD7487A,194988E59FF523
8D8013F158531399750C793A71BA,1949A6B3225131
8D8013F1EA13A858013C0858057D,1949D56A51822A
8D8013F1585303993D0C77EED341,1949E6B37A7436
8D8013F12218C1F2C7182057DEA3,1949E74C6A8D25
8D8013F1F82300020049BC05CD5E,194A0552C1A927
8D8013F1585303991D0C76545B61,194A0DAAEE2221
8D8013F1EA13A858013C0858057D,194A24EA52682A
8D8013F158530399070C76FC15FB,194A25829EDF31
8D8013F158530398EB0C75547360,194A497F21C027
8D8013F1E1021F0000000021B5E8,194A5D2B0C2532
8D8013F158530756468E8DE574BA,194A6287E3E633
8D8013F1EA13A858013C0858057D,194A716EB1802E
8D8013F158530756308E8DDB4D57,194A808E9E6F1D
8D8013F15851F7560E8E8C02B76D,194AA1F0248D21
8D8013F1F82300020049BC05CD5E,194AA3B98A3D1F
8D8013F15851F3987D0C71B39FE9,194AC84E9E2F31
8D8013F15851F398670C70E4257A,194AE0BECFE026
8D8013F1EA13A858013C0858057D,194B113FE88837
8D8013F12218C1F2C7182057DEA3,194B2E74B65C2D
8D8013F15851F398130C6D3EE89E,194B425982C134
8D8013F1F82300020049BC05CD5E,194B42F1F0AA16
8D8013F1EA13A858013C0858057D,194B5DC4705619
8D8013F15851E7556C8E869A5CF6,194B63BA581C23
8D8013F15851E397DD0C6B5F2B0A,194B838AC7EC1C
8D8013F1E1021F0000000021B5E8,194BA2899B8926
8D8013F15851E397BB0C6A43A2FE,194BA61D1BC32C
8D8013F15851E755148E8319F2AA,194BCC7BF87529
8D8013F1F82300020049BC05CD5E,194BE289E8FD32
8D8013F15851E754FA8E82AA20A8,194BE7E7A4482D
8D8013F1EA13A858013C0858057D,194C025A56CA24
8D8013F15851D754C88E80785928,194C21F20C9630
8D8013F15851D754AE8E7F612055,194C455577D02B
8D8013F15851D754928E7E5F1F69,194C63BB950134
8D8013F12218C1F2C7182057DEA3,194C72A29DFE26
8D8013F15851D7547C8E7DC72C23,194C809128F32C
8D8013F1F82300020049BC05CD5E,194C85EE5BC426
8D8013F1991416A2782419B1077C,194C930BC69B31
8D8013F1EA13A858013C0858057D,194CA159931424
8D8013F15851D7545C8E7C7DA403,194CA32367CA2C
8D8013F15851C396C70C61BDAD74,194CC1C28E8720
8D8013F1991416A2782419B1077C,194CD0A9679A33
8D8013F15851C396AB0C60D42E0A,194CDEF7E45830
8D8013F1E1021F0000000021B5E8,194CE3BC455632
8D8013F1EA13A858013C0858057D,194CEFA81EA63C
8D8013F15851C7540A8E79C98118,194D05EF21D346
8D8013F15851C396730C5E0641C4,194D1EF85A6235
8D8013F1F82300020049BC05CD5E,194D25865A7039
8D8013F15851C753D88E77BC378D,194D3A6310DA29
8D8013F1991416A2782419B1077C,194D50A9F79539
8D8013F15851C3963B0C5CE20785,194D5F90C4733B
8D8013F1EA13A858013C0858057D,194D91DBE4F736
8D8013F15851B396050C5954EEAD,194D9EF8D5FB3A
8D8013F12218C1F2C7182057DEA3,194DB9CB6D1634
8D8013F1F82300020049BC05CD5E,194DC5F0189717
8D8013F1EA13A858013C0858057D,194DDE6028A729
8D8013F15851B395CD0C5726E3EE,194DE02A632C31
8D8013F1991416A29824199487AA,194DECAE68C92F
8D8013F1991416A2981C193A77A3,194E13A5E9A732
8D8013F1E1021F0000000021B5E8,194E26203A8740
8D8013F15851B3958F0C55B7AF25,194E26B8D1A434
8D8013F1EA13A858013C0858057D,194E2F1127CD2E
8D8013F1991416A2982019ACB1AA,194E32A4A1FB2B
8D8013F1F82300020049BC05CD5E,194E64EFB30E3E
8D8013F15851A395530C53636C0B,194E6AE5973B38
8D8013F1991416A2982019ACB1AA,194E76D16AEE39
8D8013F1EA13A858013C0858057D,194E82F5F28B35
8D8013F15851A752B68E6C4687CD,194E90134BA03D
8D8013F1991416A2981C193A77A3,194E957050BA3F
8D8013F15851A7529A8E6BA5D8CC,194EAFAA476236
8D8013F1991416A29824199487AA,194EB2A555002C
8D8013F1EA13A858013C0858057D,194ED3A6F00B32
8D8013F15851A7527A8E6A7FAC13,194ED6A1DEA627
8D8013F1991415A2982019A9AEF8,194ED73A746B36
8D8013F1991415A2982019A9AEF8,194EEFAAA3BB2B
8D8013F15851A7525E8E69F2692C,194EF639289934
8D8013F12218C1F2C7182057DEA3,194EF6D20D2930
8D8013F1F82300020049BC05CD5E,194F072316AE24
8D8013F1991415A2982019A9AEF8,194F14D85C3731
8D8013F15851A394BB0C4D03071F,194F199D133437
8D8013F1EA13A858013C0858057D,194F215D010230
8D8013F158519394A50C4DCDEDA1,194F320D3A283F
8D8013F1991415A2982019A9AEF8,194F350842272B
8D8013F1991415A29824199198F8,194F514509373E
8D8013F158519394890C4C2E968D,194F54400DDB31
8D8013F1E1021F0000000021B5E8,194F63BF72B040
8D8013F1EA13A858013C0858057D,194F70DCC5AA3A
8D8013F1991415A2982819D9C2F8,194F7175089C3A
8D8013F1585193946D0C4BC3977B,194F72A632AE3C
8D8013F1991414A2982019AAA436,194F90ACDB6432
8D8013F1585193944B0C49AA0ECF,194F999DB2D02E
8D8013F1F82300020049BC05CD5E,194FA91D1E2D2C
8D8013F1991414A2982019AAA436,194FAA4E317A25
8D8013F1991414A2982419929236,194FCAB74BC032
8D8013F1585197519E8E6240FF78,194FD6A3186F25
8D8013F1991414A2982419929236,194FE6BB07BD32
8D8013F158518751828E610B0C96,194FF470A1CF34
8D8013F1991414A2982419929236,195008552FB438
8D8013F1EA13A858013C0858057D,195011460CFB32
8D8013F158518751628E60D17849,19501C012AB32B
8D8013F1991414A2B82419D7EE1F,195027ED012649
8D8013F158518751468E5F5DD444,19503A67117335
8D8013F12218C1F2C7182057DEA3,19503AFF7D683B
8D8013F1991414A2B82019EFD81F,195044C23BAD38
8D8013F1F82300020049BC05CD5E,19504B50968C31
8D8013F1EA13A858013C0858057D,19505F94B21134
8D8013F1991413A2B81C19702A7C,195066BBA0832E
8D8013F1991413A2B82419DEDA75,19508AB83DB235
8D8013F158518750EE8E5C481B89,1950A2900BF933
8D8013F1E1021F0000000021B5E8,1950AD4AB37836
8D8013F1EA13A858013C0858057D,1950B0DE61E53D
8D8013F158517393450C41E2AEDD,1950C8EEBAC539
8D8013F1991413A2B82419DEDA75,1950CA206A1434
8D8013F1F82300020049BC05CD5E,1950E6BC540431
8D8013F158517393230C3F032569,1950EC1999251F
8D8013F1991413A2B82019E6EC75,1950ECB23A241B
8D8013F1EA13A858013C0858057D,1951068D2C522C
8D8013F1991414A2B81C19791E16,195113A9B6CC34
8D8013F1991414A2B82019EFD81F,19512F14D5B235
8D8013F1991414A2B82419D7EE1F,195154DB977C32
8D8013F1EA13A858013C0858057D,19515573D3D632
8D8013F12218C1F2C7182057DEA3,19518097719720
8D8013F1F82300020049BC05CD5E,19518B52212423
8D8013F158516750228E56A80144,1951927921D631
8D8013F1991414A2B82019EFD81F,195194DB7C3429
8D8013F1EA13A858013C0858057D,1951A3C2540E16
8D8013F1991414A2B81819412816,1951B5A3FEFD21
8D8013F15851674FEC8E54469F2D,1951D148457633
8D8013F1991414A2B81C19791E16,1951D27976102C
8D8013F1991414A2B82419D7EE1F,1951EDE549A01F
8D8013F1EA13A858013C0858057D,1951F04704912D
8D8013F1585163923F0C386313E2,1951F2A95B8423
8D8013F1991414A2B82419D7EE1F,19520F7ED41E33
8D8013F15851674FAE8E52D7EBD0,1952173E722534
8D8013F1F82300020049BC05CD5E,19522DE54C6F36
8D8013F1991414A2B82019EFD81F,19522FAEA6D521
8D8013F158516392010C36B92414,1952376E5E022B
8D8013F1991414A2B82419D7EE1F,195250B0571D2D
8D8013F1EA13A858013C0858057D,19528DB5C7B937
8D8013F1991414A2B82019EFD81F,19528F7F798537
8D8013F15851574F3C8E4EAA5E4D,19529D35145339
8D8013F1991413A2B82019E6EC75,1952A9B96F6327
8D8013F15851574F268E4DFDF8C5,1952B50CB37C23
8D8013F12218C1F2C7182057DEA3,1952B63DD6B835
8D8013F1991413A2B82419DEDA75,1952C7C000A934
8D8013F1F82300020049BC05CD5E,1952CA22CB9428
8D8013F1EA13A858013C0858057D,1952D9A2350C30
8D8013F158515391750C314E978A,1952DB6B8B993A
8D8013F1991413A2B81819481C7C,1952E45CD06526
8D8013F1991413A2B81819481C7C,195307281D7C33
8D8013F1991413A2B82019E6EC75,19532757B64623
8D8013F1EA13A858013C0858057D,195327F0FA1D2D
8D8013F1E1021F0000000021B5E8,195330E181F224
8D8013F1991413A2B82419DEDA75,1953498A79DD2D
8D8013F15851474E968E486B59DD,19535D35F9D138
8D8013F1991412A2B82019E5E6BB,195367F1210E22
8D8013F1F82300020049BC05CD5E,195369BA5DAB37
8D8013F1EA13A858013C0858057D,195375A632E524
8D8013F15851474E7A8E48172A07,19537B03916A23
8D8013F1991412A2B81C197320B2,19538859B58A32
8D8013F158514390C70C2CC30EA4,19539F005FAB3E
8D8013F1991412A2B82C19ADBCBB,1953AA535AC430
8D8013F1EA13A858013C0858057D,1953C6901E9840
8D8013F1991412A2B82419DDD0BB,1953CD1EFE0935
8D8013F15851374E288E4537C434,1953DC05E3DE35
8D8013F1991412A2B82419DDD0BB,1953EAEC877A2A
8D8013F12218C1F2C7182057DEA3,1953F3DD619527
8D8013F158513390730C29EAE9AB,195402FCE02A24
8D8013F1F82300020049BC05CD5E,19540729673229
8D8013F1EA13A858013C0858057D,195413153B242F
8D8013F1991413A2B82419DEDA75,195432AC301033
8D8013F1585133902B0C27D3A3A0,19545446647A38
8D8013F1991413A2B82819968075,195457418DBD4C
8D8013F1EA13A858013C0858057D,19545F999B6441
8D8013F15851374DA48E41F80C56,1954750F29EA1E
8D8013F1991413A2B82819968075,195476D95F4F2B
8D8013F1E1021F0000000021B5E8,1954777172B43F
8D8013F1991413A2B82819968075,19549315E07C38
8D8013F15851338FF30C25CC805F,19549446BCAC3A
8D8013F1F82300020049BC05CD5E,1954A0CB23743B
8D8013F1EA13A858013C0858057D,1954AB85C70B29
8D8013F15851338FDD0C243453F1,1954ACB703DA2A
8D8013F1991413A2B82019E6EC75,1954B17BA8882E
8D8013F1991413A2B81C19702A7C,1954CDB885FE39
8D8013F15851274D568E3ED6CEB2,1954D01B57413B
8D8013F15851274D408E3E277324,1954EA54D2CE23
8D8013F1991413A2B82419DEDA75,1954F0E3B14521
8D8013F1EA13A858013C0858057D,19550134C21D35
8D8013F15851274D268E3D3BE6CB,19550B56C21431
8D8013F1991413A2B82819968075,195517DAE6363A
8D8013F15851238F710C210DB8A6,195526C1A5392C
8D8013F12218C1F2C7182057DEA3,1955439721F936
8D8013F1F82300020049BC05CD5E,19554692172C22
8D8013F15851274CEE8E3B1E6142,19554A2612813D
8D8013F1EA13A858013C0858057D,1955527DE4962E
8D8013F1991413A2B81C19702A7C,195557DB3B3B3B
8D8013F15851274CD28E3A205E7E,19556A5579FB22
8D8013F1991413A2B82019E6EC75,1955717C925B26
8D8013F15851138F1D0C1E34BBD1,1955898D4F1533
8D8013F1EA13A858013C0858057D,1955A3C75AFB39
8D8013F15851174C9C8E3946E090,1955A7F3EC442B
8D8013F1991413A2B82819968075,1955B2AE14CE27
8D8013F1E1021F0000000021B5E8,1955C5FA404329
8D8013F15851174C868E38115A03,1955C692CABD33
8D8013F15851138EC90C1C95B372,1955E4F91F9833
8D8013F1F82300020049BC05CD5E,1955E88C69213D
8D8013F1EA13A858013C0858057D,1955F0E4F6B629
8D8013F1991412A2B81C197320B2,1955F93CEA3D28
8D8013F15851174C4A8E362801B1,19560B57CF4E3A
8D8013F1991412A2B824182224B2,19561CA0F04033
8D8013F15851074C288E353369BA,19562DEA7D0C27
8D8013F1991412A2B83019053EBB,19563511246326
8D8013F1EA13A858013C0858057D,195644316FCE3D
8D8013F15851074C0C8E34BEB09E,1956514DE6FE3F
8D8013F1991412A2B824182224B2,1956590DF7C440
8D8013F15851038E4F0C1863DA8F,195673479E0B2D
8D8013F1991412A2B82019E5E6BB,1956809DC9EB2A
8D8013F1F82300020049BC05CD5E,195685626CA52F
8D8013F12218C1F2C7182057DEA3,19568DBAAE8B2A
8D8013F1EA13A858013C0858057D,19569449282E2D
8D8013F15851038E330C17D749A0,1956957A5CEE32
8D8013F1991412A2B824182224B2,1956A1663B3134
8D8013F15851074BBA8E31CC4B0A,1956AFB470E32D
8D8013F1991412A2B83019053EBB,1956C5FB6AF834
8D8013F15851074B9E8E31BE6627,1956D14E94353B
8D8013F1991412A2B82819958ABB,1956E297BD3637
8D8013F1EA13A858013C0858057D,1956E33052EB36
8D8013F1584FF38DDF0C1404E99F,1956F0E63BA932
8D8013F1991412A2B82C19ADBCBB,1957026815D538
8D8013F1E1021F0000000021B5E8,19570BF1AB0037
8D8013F1584FF38DC70C1348DFA3,19570DBB58F437
8D8013F1991412A2B82419DDD0BB,19571B70EAF73E
8D8013F1584FF74B4C8E2ECB0AD8,19572E83E8ED35
8D8013F1EA13A858013C0858057D,195732B00B102B
8D8013F1991412A2B81C197320B2,195736DC74102E
8D8013F1584FF38D8B0C126420F4,19575319566936
8D8013F1991412A2D828195A0EC0,195754E2B86F34
8D8013F1584FF38D730C110DAE28,19576AF123392A
8D8013F1991412A2D824191254C0,195775AB42FA2B
8D8013F1EA13A858013C0858057D,195785FC58B330
8D8013F1584FE38D570C10B0DBEC,19578F85C59532
8D8013F1991412A2D824191254C0,195799A7CCDF34
8D8013F1584FE74AE28E2BC2B45E,1957AA584D4F32
8D8013F1991412A2D81C19BCA4C9,1957B2B10DFA35
8D8013F1F82300020049BC05CD5E,1957C1D087AD2F
8D8013F1584FE38D250C0EB9079C,1957C85EF2D937
8D8013F1EA13A858013C0858057D,1957D57BF5FD36
8D8013F1991412A2D824191254C0,1957EF1D6A2B2D
8D8013F1584FE74A968E2818CD23,195804CBC2462E
8D8013F1991412A2D818198492C9,19580D24845830
8D8013F1584FE74A7A8E2864BEF9,1958220132F125
8D8013F1991412A2D81C184350C0,19582B8A23122B
8D8013F1584FE74A5E8E27E9339C,195845FD4DC136
8D8013F1E1021F0000000021B5E8,195850B7F1E42B
8D8013F1991412A2D82818A5FAC9,195851507E5232
8D8013F1F82300020049BC05CD5E,19586299AD1F31
8D8013F1991412A2D82818A5FAC9,1958704F445339
8D8013F1EA13A858013C0858057D,19587645267C28
8D8013F1584FD74A288E2586E34A,195884CC611633
8D8013F1991412A2D82018D596C9,1958944BC91831
8D8013F1584FD74A0C8E240B3A6E,1958A463A0792C
8D8013F1991412A2D82818A5FAC9,1958B180D5AA32
8D8013F1584FD38C4B0C084EF437,1958C26AD22640
8D8013F1EA13A858013C0858057D,1958C86031F042
8D8013F1991412A2D82418EDA0C9,1958D7DFD7F53E
8D8013F1584FD749D48E235BF758,1958E3CB955147
8D8013F1F82300020049BC05CD5E,195908607D8033
8D8013F12218C1F2C7182057DEA3,195908F92AB52D
8D8013F1584FD749B48E226B872A,19590AC32E0C33
8D8013F1991412A2D82018D596C9,19591020B0B334
8D8013F1EA13A858013C0858057D,195919A9B49A29
8D8013F1584FC38BEB0C05FD6EB9,19592D55485430
8D8013F1991412A2D82418EDA0C9,195931814F6E2D
8D8013F1584FC38BCF0C0470B79D,19594D25EA6035
8D8013F1991412A2D82018D596C9,1959557DDDA936
8D8013F1EA13A858013C0858057D,195966C70AC132
8D8013F1584FC7495A8E1FC26DA9,19596E86F43924
8D8013F1991412A2D82818A5FAC9,195976DF487E23
8D8013F1E1021F0000000021B5E8,195985FEE3552E
8D8013F1584FC749408E1E95D73A,195990B97A0B2D
8D8013F1991412A2D82418EDA0C9,19599747E31426
8D8013F1F82300020049BC05CD5E,1959A3CC624625
8D8013F1EA13A858013C0858057D,1959B515B8EE20
8D8013F1991412A2D82018D596C9,1959B6DFA5531E
8D8013F1584FC38B590C006B3690,1959D3B4AD6026
8D8013F1584FB38B430C00503EAA,1959EC24E99110
8D8013F1991412A2D82418EDA0C9,1959F47D9CCF33
8D8013F1EA13A858013C0858057D,195A05FF8F5527
8D8013F1991412A2D82818A5FAC9,195A157EDE312E
8D8013F1991412A2D82818A5FAC9,195A38A9B94533
8D8013F12218C1F2C7182057DEA3,195A39DB5E0527
8D8013F1F82300020049BC05CD5E,195A4AC4EF151D
8D8013F1584FB38AED0BFD46D8E8,195A4DBF754328
8D8013F1EA13A858013C0858057D,195A56B05C5E3C
8D8013F1584FB748848E187AE51F,195A6A5BDA7D22
8D8013F1584FA748628E17BC90E7,195A90BAC5A620
8D8013F1991412A2D83018354EC9,195A9D3F2BB228
8D8013F1EA13A858013C0858057D,195AA4664CDD23
8D8013F1584FA7484C8E17BBB740,195AA92AE4D930
8D8013F1584FA38A830BFA047BD9,195AC862CDF828
8D8013F1F82300020049BC05CD5E,195AED57677B2E
8D8013F1584FA38A510BF8A277AF,195B0305BB322F
8D8013F1991412A2D81C184350C0,195B08FBA05829
8D8013F1584FA38A350BF7A50298,195B216BE70912
8D8013F1EA13A858013C0858057D,195B44CFF78B2F
8D8013F1991412A2F82418A8DCE0,195B45689BA735
8D8013F1584FA747AC8E12121781,195B63CE934F11
8D8013F1991412A2F814187640E9,195B7812A02E2C
8D8013F1584FA747908E112C34A6,195B8699EF8929
8D8013F1584F9747748E1090E45D,195BA29DB6F01D
8D8013F1991412A2F834184804E0,195BADF140EB2D
8D8013F1584F9389A10BF388D9C2,195BC8FCAA5630
8D8013F1991412A2F82818E086E0,195BD580FECF1F
8D8013F1EA13A858013C0858057D,195BE336B99734
8D8013F1584F9389850BF20500E6,195BE762BB901C
8D8013F1E1021F0000000021B5E8,195BF8ABFFDA32
8D8013F1584F9389690BF1869B2E,195C0995866A2F
8D8013F1F82300020049BC05CD5E,195C2AF6F89233
8D8013F1EA13A858013C0858057D,195C30ECDBB522
8D8013F1991412A2F82C18D8B0E0,195C39DDBBBC4C
8D8013F1584F8746DE8E0BAEBF46,195C51557DDD2A
8D8013F1584F8389090BEE86F325,195C718564991C
8D8013F1991412A2F82C18D8B0E0,195C813E33E635
8D8013F1EA13A858013C0858057D,195C869B53AC36
8D8013F1584F8388ED0BED4037B6,195C9581F12D34
8D8013F1991412A2F82C18D8B0E0,195C9F0BC0C127
8D8013F12218C1F2C7182057DEA3,195CA894E95734
8D8013F1991412A2F82818E086E0,195CC3081C1535
8D8013F1F82300020049BC05CD5E,195CC7346F0C22
8D8013F1584F7746708E0855A1F7,195CD0254BD73C
8D8013F1EA13A858013C0858057D,195CD451682E25
8D8013F1991412A2F82418A8DCE0,195CE16E116A23
8D8013F1584F77465A8E079A771C,195CE7FCF1D62B
8D8013F1991412A2F8201890EAE0,195D056AD43238
8D8013F1584F7388830BEADBEDCE,195D0F8CA5883D
8D8013F1EA13A858013C0858057D,195D216E6CF838
8D8013F1991412A2F82418A8DCE0,195D24698BBC2A
8D8013F1E1021F0000000021B5E8,195D4865F3F027
8D8013F1991412A2F8201890EAE0,195D4B61165D3F
8D8013F1584F7388450BE897F4AC,195D5582E50335
8D8013F1F82300020049BC05CD5E,195D6633F2422C
8D8013F1991412A2F82418A8DCE0,195D66CC3AE123
8D8013F1EA13A858013C0858057D,195D6E8BC07E1D
8D8013F1584F6388290BE7CE8F73,195D721F3E081F
8D8013F1991412A2F82418A8DCE0,195D8DC3EF8035
8D8013F1991412A2F8201890EAE0,195DA7FDE81D31
8D8013F1584F6745AE8E02E685F4,195DB055FA191F
8D8013F1EA13A858013C0858057D,195DC13FCF0831
8D8013F1991412A2F8201890EAE0,195DC8FF24CC2E
8D8013F1584F6745928E01D8A6D3,195DD157969B27
8D8013F12218C1F2C7182057DEA3,195DDD4367AE17
8D8013F1991412A2F82418A8DCE0,195DE2084E3822
8D8013F1584F6387B70BE437907A,195DF18758B81C
8D8013F1991412A2F82418A8DCE0,195E0866D9EB2A
8D8013F1F82300020049BC05CD5E,195E08FF698522
8D8013F1EA13A858013C0858057D,195E10270C723B
8D8013F1584F6745568DFF98ED21,195E17E63F7C38
8D8013F1991412A2F82418A8DCE0,195E23D220EA22
8D8013F1584F6387790BE2151326,195E36E548611E
8D8013F1991412A2F81C18062CE9,195E443B6B493C
8D8013F1584F5387630BE113408E,195E53BA5CE254
8D8013F1991413A2F82418ABD62E,195E60D76F0A26
8D8013F1EA13A858013C0858057D,195E616FF3F63B
8D8013F1584F5387470BE09E99AA,195E7351B3D428
8D8013F1991413A2F82C18DBBA2E,195E87CEEE9F34
8D8013F1E1021F0000000021B5E8,195E92899C482F
8D8013F1584F5387250BDFB43473,195E9AE1C3CF3A
8D8013F1991413A2F82418ABD62E,195EA17043101B
8D8013F1F82300020049BC05CD5E,195EA209475D34
8D8013F1EA13A858013C0858057D,195EB221008923
8D8013F1584F5744C68DFBD59DD9,195EC00F8D7226
8D8013F1991413A2F8201893E02E,195EC14112843A
8D8013F1584F5386E70BDDE48146,195EE03F6CDA40
8D8013F1991413A2F8201893E02E,195EE3D309E330
8D8013F1584F5386CB0BDC07FA6A,195F01418C3922
8D8013F1991413A2F818183D1027,195F03A3522642
8D8013F1EA13A858013C0858057D,195F043C5AE844
8D8013F1584F4744728DF85FB4BB,195F1CAC37F247
8D8013F1991413A2F81C18052627,195F1E75F63225
8D8013F1991413A2F8201893E02E,195F38AFED9644
8D8013F1F82300020049BC05CD5E,195F4901194924
8D8013F1584F4386810BDAC8807F,195F55856A9546
8D8013F1991413A2F82418ABD62E,195F59B1902328
8D8013F1584F47442A8DF666FEB0,195F6F26E83823
8D8013F1991413A2F82C18DBBA2E,195F7817CB1D40
8D8013F1584F4386490BD8C6C293,195F94548A4E43
8D8013F1991413A2F82418ABD62E,195F9DDE1D9420
8D8013F1EA13A858013C0858057D,195F9E76B05B46
8D8013F1584F4743EC8DF4F9156B,195FB3EC60D022
8D8013F1991413A2F8201893E02E,195FC3A447F03D
8D8013F1584F3743D68DF378B15C,195FD159EF3143
8D8013F1E1021F0000000021B5E8,195FD58609D31E
8D8013F1991413A2F82418ABD62E,195FDFA80EAC24
8D8013F1F82300020049BC05CD5E,195FE33BB4403D
8D8013F1584F3385FB0BD6404391,195FED5DBD0122
8D8013F1EA13A858013C0858057D,195FEE8EE93626
8D8013F1991413A2F82418ABD62E,1960001126FD3F
8D8013F1584F3385DF0BD5CD86AE,19600DC6ACDB3C
8D8013F1584F3385C70BD48194BF,1960276812A11F
8D8013F1991413A2F82418ABD62E,19603A7B19ED5A
8D8013F1EA13A858013C0858057D,196041DB236F3B
8D8013F1584F37436E8DF09BC7D2,19604A33D56539
8D8013F12218C1F2C7182057DEA3,196056B7E4C61F
8D8013F1991413A2F82418ABD62E,19605CADC57819
8D8013F1584F3385890BD249134E,19606B9488E01E
8D8013F1991413A2F8201893E02E,19607B1410503F
8D8013F1584F33856D0BD1A42A8E,19608EF87D7E3F
8D8013F1EA13A858013C0858057D,196090C25F341B
8D8013F1584F2743148DED33FD58,1960AE8FF67F1B
8D8013F1991412A2F82418A8DCE0,1960B9E36CA432
8D8013F1584F2742F88DEC9B87D8,1960D02A5BFB35
8D8013F1991412A2F820176F4AA8,1960DD470AE523
8D8013F1EA13A858013C0858057D,1960DDDFAB1939
8D8013F1584F2385130BCE3B5D1B,1960F223B3251F
8D8013F1584F2742C28DEA769146,1961115BBF2E3E
8D8013F1E1021F0000000021B5E8,19611456E2D43E
8D8013F1991412A2F820176F4AA8,19611D4756E21D
8D8013F1584F2742AC8DEAFB4EB3,19612A64847227
8D8013F1EA13A858013C0858057D,19612D5F5BEB20
8D8013F1991412A2F82418A8DCE0,196140AB550543
8D8013F1584F27428A8DE96D230E,1961502AF55D3F
8D8013F1991413A31824175A0BE3,19615E790FC73D
8D8013F1584F17426E8DE8D1F3F5,19616FC1F3521B
8D8013F1EA13A858013C0858057D,19618144B4F037
8D8013F1991413A3182418A5ABAB,196184D7AE273B
8D8013F12218C1F2C7182057DEA3,19618EF9C0EB38
8D8013F1584F1384850BCA5AD465,1961958849EF38
8D8013F1991413A31824175A0BE3,1961A2A5463D1C
8D8013F1584F13844D0BC8549689,1961D58896B730
8D8013F1991413A31828171251E3,1961E2A58DA61F
8D8013F1584F1741FA8DE4ADADE3,1961F3EF36C429
8D8013F1991413A3182418A5ABAB,1962099D0E743B
8D8013F1584F0384150BC65D7062,196213270F1B3F
8D8013F1EA13A858013C0858057D,19621E79F46A41
8D8013F1991413A31828171251E3,19622174B7622B
8D8013F1584F0741C88DE21EB595,19622FC2E4C727
8D8013F1991413A3182818EDF1AB,196245714B883C
8D8013F1E1021F0000000021B5E8,19624C9896722D
8D8013F1991413A31828171251E3,19625E7A4ECE2E
8D8013F1F82300020049BC05CD5E,19626043EEC942
8D8013F1EA13A858013C0858057D,19626DF9CDF231
8D8013F1991413A31824175A0BE3,1962781B93123B
8D8013F1584F0741848DE0CDA2D0,196279E5BFBC23
8D8013F1584F03839F0BC211B4CA,19629AE6D4FD3B
8D8013F1991413A3182017623DE3,19629DE1DB482A
8D8013F1584F0383810BC28EAB54,1962B7833BFD25
8D8013F1EA13A858013C0858057D,1962C146446A36
8D8013F1991413A31824175A0BE3,1962C4416A8035
8D8013F1584DF3836B0BC1DDA49E,1962D458A98A36
8D8013F1991413A31824175A0BE3,1962DCB0F44926
8D8013F1584DF383550BC0F83320,1962ED6185E033
8D8013F1991413A31824175A0BE3,1962FA7E7B772F
8D8013F1F82300020049BC05CD5E,1963057240D51C
8D8013F1584DF7410A8DDC98F945,19630B68193A32
8D8013F1EA13A858013C0858057D,196311F6ADB821
8D8013F1991413A31824175A0BE3,1963191E125324
8D8013F1584DF740F48DDC099B5E,1963233FBF3926
8D8013F1991413A31824175A0BE3,196339E6B59633
8D8013F1584DF3830B0BBEEF22A5,196343A8BCB038
8D8013F1584DF382EF0BBD29E636,19635FAC958B24
8D8013F1991413A31824175A0BE3,1963604523AF26
8D8013F1EA13A858013C0858057D,196360DE20F734
8D8013F1584DF382D90BBC62D380,1963794E022735
8D8013F1E1021F0000000021B5E8,1963928FE73E37
8D8013F1584DE740908DD8C1DAF7,196396BC08A634
8D8013F1991413A31824175A0BE3,1963A2A7CEFB28
8D8013F1F82300020049BC05CD5E,1963A63B5FCF31
8D8013F1EA13A858013C0858057D,1963AE93A5AC2A
8D8013F1584DE7407A8DD89150AB,1963B05D5D5538
8D8013F1991413A3182017623DE3,1963C906D3F53D
8D8013F1584DE740648DD7F1EF7D,1963CC9A599E1E
8D8013F1991414A3182417533F89,1963E471EBD61F
8D8013F1584DE740428DD6679EDB,1963EFC52DFB36
8D8013F12218C1F2C7182057DEA3,1963F94E963A39
8D8013F1EA13A858013C0858057D,196403111FC232
8D8013F1991414A3182417533F89,196406A4B20D37
8D8013F1584DE740208DD54C5A30,196416BCA2D329
8D8013F1991414A3182417533F89,19641E7C5A3E25
8D8013F1584DE3822F0BB6862E57,1964394ED53736
8D8013F1991414A31828171B6589,196441E04BEE38
8D8013F1EA13A858013C0858057D,1964545A9D7B2C
8D8013F1584DD73FE88DD3A0AE21,19645886CC9E2D
8D8013F1991414A3182417533F89,1964604656242A
8D8013F1584DD381F50BB46372FC,196476ED83DD3F
8D8013F1991414A31820176B0989,196478B690EE3D
8D8013F1584DD381D90BB3802DFD,19649B81F8A123
8D8013F1991414A31820176B0989,19649FAE26CA28
8D8013F1EA13A858013C0858057D,1964A046C77C3A
8D8013F1584DD381BD0BB378F882,1964B94F84FF44
8D8013F1991414A31828171B6589,1964B9E8A27247
8D8013F1584DD73F748DCFCEB512,1964DD4C0C6331
8D8013F1EA13A858013C0858057D,1964EFC6741830
8D8013F1584DD73F588DCE2DCE3E,1965001773993D
8D8013F1991414A31820176B0989,19650279CE3646
8D8013F1991414A31820176B0989,19651B82AC2227
8D8013F1584DC381630BAFB71F81,19651FAEC9F02A
8D8013F12218C1F2C7182057DEA3,19652DFD754F28
8D8013F1991414A3182417533F89,196536EE22FB3C
8D8013F1EA13A858013C0858057D,196540B084E738
8D8013F1584DC381470BAE3AC6A5,196543131BD13D
8D8013F1991414A3182417533F89,19655C1BDB091D
8D8013F1584DC381250BAD11024E,196565A505831E
8D8013F1991414A31820176B0989,19658149931832
8D8013F1584DC73EE48DCA1D6823,1965857570EF33
8D8013F1F82300020049BC05CD5E,1965860E21401F
8D8013F1EA13A858013C0858057D,19658D35646927
8D8013F1991414A31820176B0989,19659B833D8423
8D8013F1584DC73EC28DC98B059E,1965A807F7DB23
8D8013F1991414A31820176B0989,1965B524D7D832
8D8013F1584DC73EAC8DC8F92E62,1965C6A7106F40
8D8013F1991414A3181C17FDCF80,1965DCB4EE9930
8D8013F1584DC73E908DC7C7451F,1965E34337A629
8D8013F1584DB73E7A8DC6FB7DEA,196600B178FB41
8D8013F1E1021F0000000021B5E8,1966162708F943
8D8013F1584DB73E588DC55A4153,196622AB1E463F
8D8013F1991414A31820176B0989,1966234395F327
8D8013F1F82300020049BC05CD5E,196629397DF83C
8D8013F1EA13A858013C0858057D,19662E96DA4A2C
8D8013F1584DB380650BA7232D98,1966427B74B25A
8D8013F1991414A31820176B0989,196649A2785244
8D8013F1584DB73E268DC4F52EBF,19665E7F4EA732
8D8013F1991414A3181C17FDCF80,1966677042A336
8D8013F12218C1F2C7182057DEA3,19667951C68243
8D8013F1EA13A858013C0858057D,19667A82EF0E3E
8D8013F1584DB73E0A8DC31671BE,19667B1B8A3140
8D8013F1991414A31820176B0989,1966AC350AA823
8D8013F1584DB73DD28DC1B970B7,1966C019A86B32
8D8013F1F82300020049BC05CD5E,1966CC9E1D5C27
8D8013F1EA13A858013C0858057D,1966CDCF43F421
8D8013F1584DA37FDD0BA2422D57,1966DB84CB0A19
8D8013F1991414A3182417533F89,1966F2C3E36323
8D8013F1584DA37FBB0BA15EB8B8,1967027C63D53A
8D8013F1991414A3182417533F89,1967162824F836
8D8013F1584DA37F870B9F9E06A4,196738BA2C3543
8D8013F1991414A3182417533F89,196750CAC93238
8D8013F1E1021F0000000021B5E8,19675F1958FB1D
8D8013F1EA13A858013C0858057D,19676B052A8B1B
8D8013F1F82300020049BC05CD5E,19676E9853DB34
8D8013F1991414A3182417533F89,19676F3170B138
8D8013F1584DA73D328DBBAE92FE,196773F609883A
8D8013F1584D937F170B9BF88B0F,1967B822341840
8D8013F12218C1F2C7182057DEA3,1967C7DA9A2C1D
8D8013F1991415A3182817186F47,1967D32E2E9749
8D8013F1584D973CD88DB87BF8C3,1967DDE8DD2A21
8D8013F1991415A3182417503547,1967F0FBB31624
8D8013F1584D973CBC8DB77C8DF4,1967F9EC921343
8D8013F1EA13A858013C0858057D,19680DD10A3D29
8D8013F1F82300020049BC05CD5E,196810CBDDFD2B
8D8013F1991416A3182417552A15,1968188B75EB4F
8D8013F1584D873C8A8DB5F8FCB0,196833F6FA514B
8D8013F1991416A3182417552A15,196836F248813C
8D8013F1584D837E890B96697DDC,19685924B07B2C
8D8013F1991416A3182417552A15,19685E81C15D4B
8D8013F1584D837E6D0B9584441C,196876F295B748
8D8013F1991416A3182417552A15,196878BBAB9226
8D8013F1584D837E4F0B942564BE,196899BD43AF20
8D8013F1E1021F0000000021B5E8,1968A216313646
8D8013F1EA13A858013C0858057D,1968AFCB240B20
8D8013F1F82300020049BC05CD5E,1968B194F04544
8D8013F1991417A31824175620DB,1968C5797ABF35
8D8013F1991417A31820176E16DB,1968E8A456213D
8D8013F1584D737DFB0B910A174D,1968F78B5CDC44
8D8013F1EA13A858013C0858057D,196901E64EC04A
8D8013F1991417A31820176E16DB,196909A606E725
8D8013F12218C1F2C7182057DEA3,196911FE36BC49
8D8013F1584D737DDF0B9087CE69,19691B87A36F4F
8D8013F1991418A31824174742C1,196929D5EECC40
8D8013F1584D737DC30B8E03CDEC,1969378BE0833D
8D8013F1F82300020049BC05CD5E,19695592138C20
8D8013F1584D737DA50B8D1F5803,19695AEF613932
8D8013F1991418A31820177F74C1,1969693D8DD349
8D8013F1584D737D890B8CFC232F,196978BCF25A3C
8D8013F1EA13A858013C0858057D,19699CB98AF53F
8D8013F1584D737D670B8B642853,19699F1C2F9A35
8D8013F1991419A318241744480F,1969AE9B435242
8D8013F1584D637D4B0B8948178D,1969C14EEDC239
8D8013F1E1021F0000000021B5E8,1969D88DB9B026
8D8013F1EA13A858013C0858057D,1969EC39293919
8D8013F1F82300020049BC05CD5E,1969F824FF6D3D
8D8013F1584D637D130B87715D86,196A014F3F5D3D
8D8013F1584D673ADE8DA4467384,196A23E142E121
8D8013F1EA13A858013C0858057D,196A3B203CA540
8D8013F1584D673AC88DA3481E36,196A401E19813C
8D8013F12218C1F2C7182057DEA3,196A4C09E53520
8D8013F199141BA31828170A0793,196A575D16C01F
8D8013F1584D637CBD0B83B7BBE9,196A5FB58C291F
8D8013F199141BA3182417425D93,196A7825D23E35
8D8013F1584D573A7A8D9F711632,196A96C4DEAC3B
8D8013F1F82300020049BC05CD5E,196A9C2280831F
8D8013F199141BA3182417425D93,196AB1979AD43D
8D8013F1584D537C6F0B7F45B236,196AB8261F643D
8D8013F199141BA3182416BDA99A,196AD7F6532525
8D8013F1EA13A858013C0858057D,196ADCBB178045
8D8013F1584D573A3C8D9C28FFF4,196ADE84D5151C
8D8013F199141BA31828170A0793,196AF23056BE3E
8D8013F1584D537C350B7D6718E5,196AF6F58C233C
8D8013F199141CA3182416B49DF0,196B175E0A292A
8D8013F1584D537C190B7B7BB3ED,196B192829272D
8D8013F1E1021F0000000021B5E8,196B1D54679C4A
8D8013F1EA13A858013C0858057D,196B29D8672E1F
8D8013F1584D537C030B7A2C097E,196B3361D0A543
8D8013F199141CA3182416B49DF0,196B59C0C92C1E
8D8013F199141CA31828170333F9,196B778E596343
8D8013F1EA13A858013C0858057D,196B7826F28247
8D8013F12218C1F2C7182057DEA3,196B8D3CFD6B42
8D8013F1584D437BA90B76156D73,196B99C10FCA47
8D8013F199141CA3182416B49DF0,196B9B8AE8A723
8D8013F199141CA3182017735FF9,196BB9F1A67D3E
8D8013F1584D4739788D93265DFF,196BC0B8A22C42
8D8013F1F82300020049BC05CD5E,196BD7F79FAA17
8D8013F199141CA31820168CABF0,196BD890389B1D
8D8013F1584D3739588D91F07B6D,196BE2B2483221
8D8013F199141CA31824174B69F9,196BFB227AAF3B
8D8013F1584D337B4D0B7294C237,196C0282AFF439
8D8013F199141CA31820168CABF0,196C17F7E6D51C
8D8013F1584D337B310B70DFED4B,196C205037DD1B
8D8013F199141CA31820168CABF0,196C2FCF8E8939
8D8013F1584D337B1B0B6F10DB78,196C3827D60C38
8D8013F199141CA3182416B49DF0,196C50D135CA27
8D8013F1584D337AFF0B6ED603F0,196C5B8BDBE13A
8D8013F1EA13A858013C0858057D,196C68108A221C
8D8013F1E1021F0000000021B5E8,196C694170071D
8D8013F199141CA31820168CABF0,196C7199B5A53F
8D8013F1F82300020049BC05CD5E,196C75C5C3953C
8D8013F1584D3738D28D8B4404B6,196C79F243783D
8D8013F199141CA31820168CABF0,196C90D18A8125
8D8013F1584D3738BC8D8A362F4A,196C96C7593216
8D8013F199141CA31820168CABF0,196CA94224823F
8D8013F1EA13A858013C0858057D,196CB82888A341
8D8013F1584D237AA90B6A9DD2E2,196CB9599AB940
8D8013F199141CA3182017735FF9,196CCCA5A3B11F
8D8013F1584D2738848D870FA5C8,196CD7F941A21C
8D8013F1584D2738688D868C221B,196CF52DD1B242
8D8013F1EA13A858013C0858057D,196D0CA5F8781D
8D8013F1F82300020049BC05CD5E,196D1891DBCB1F
8D8013F1584D2738308D834AF06E,196D352E3F502B
8D8013F199141CA31820168CABF0,196D46B06C7E16
8D8013F1EA13A858013C0858057D,196D59C358623E
8D8013F199141CA3382816B9BBD9,196D66E055E93B
8D8013F1584D2737F88D80C8AAA3,196D75C70C903A
8D8013F199141CA3382816B9BBD9,196D86180E731D
8D8013F1584D1379E30B604FBE98,196D9AF4C90317
8D8013F199141CA3382816B9BBD9,196DA47E34BC35
8D8013F1EA13A858013C0858057D,196DA647F2FC1C
8D8013F1E1021F0000000021B5E8,196DAFD17B4638
8D8013F1584D1737C08D7E6A353B,196DB52ED46C35
8D8013F1F82300020049BC05CD5E,196DBB24BA3E36
8D8013F199141CA3382016C9D7D9,196DC284E09F1B
8D8013F1584D1379AF0B5E9DC0EF,196DD335C4F930
8D8013F199141CA3382816B9BBD9,196DE0EB06D93A
8D8013F1584D1737888D7B71A35E,196DF66043D433
8D8013F1EA13A858013C0858057D,196DF7917D7630
8D8013F199141CA33834161139D9,196E074A3AB318
8D8013F12218C1F2C7182057DEA3,196E133616C32C
8D8013F1584D1737688D79543F93,196E1DF055461B
8D8013F199141DA3382016CADD17,196E29DC2CF133
8D8013F1584D03794F0B59773CFD,196E4154A77529
8D8013F1F82300020049BC05CD5E,196E5A5D5BF035
8D8013F199141DA3382016CADD17,196E6F39D01030
8D8013F1584D07370E8D7587A6D4,196E8580D52235
8D8013F1EA13A858013C0858057D,196E9D587D922D
8D8013F199141DA3382016CADD17,196EABA6A1EE2D
8D8013F1584D0736D08D72AC68C2,196ECA46735331
8D8013F199141DA3382016CADD17,196ECD4117D62F
8D8013F1584D0378B70B51CAD70C,196EECD848D131
8D8013F199141DA3382016CADD17,196EED70B99934
8D8013F1F82300020049BC05CD5E,196EF82B547529
8D8013F199141DA3382016CADD17,196F2B0EFC082E
8D8013F1EA13A858013C0858057D,196F4155EE8B34
8D8013F1584BF736628D6DEDA19A,196F4CA9378630
8D8013F199141DA3382416F2EB17,196F4FA3FA4F3D
8D8013F199141DA3382016CADD17,196F677B65B633
8D8013F1584BF736468D6B9FA89A,196F6A771B4B20
8D8013F1584BF378290B4A97A947,196F8D420CA533
8D8013F1EA13A858013C0858057D,196F916DDDF91C
8D8013F1F82300020049BC05CD5E,196F9A5EC19A1E
8D8013F199141DA3382416F2EB17,196FA6E32B1238
8D8013F1584BF736088D68A8E354,196FAFD40DF729
8D8013F199141DA3382416F2EB17,196FC4E9C0021F
8D8013F1584BE377EF0B4898F0ED,196FCF0BCEDD41
8D8013F199141DA3382016CADD17,196FE0EDB2EE35
8D8013F1584BE377D30B46596F99,196FECD9696422
8D8013F199141DA3382016CADD17,19700156DBD92A
8D8013F1584BE377B70B455E52F4,19700F0C1FBC43
8D8013F199141DA3382016CADD17,19701E8B85BA43
8D8013F1584BE377950B4300A272,19703237001033
8D8013F1EA13A858013C0858057D,197032CF9FC82F
8D8013F1E1021F0000000021B5E8,197034014ED947
8D8013F1F82300020049BC05CD5E,197041EF81AB4B
8D8013F199141DA3382416F2EB17,197042887D0025
8D8013F1584BE377790B428325A1,1970550260DE4E
8D8013F199141DA3382016CADD17,19705AF845C64A
8D8013F1584BE377570B40841E1D,1970782D40B52F
8D8013F199141DA3382016CADD17,1970815779DE2F
8D8013F1EA13A858013C0858057D,197086B487D242
8D8013F1584BE735408D5E01175E,197096CC6B2B44
8D8013F12218C1F2C7182057DEA3,197097FDA64444
8D8013F199141DA3382016CADD17,1970A0EE6AA54A
8D8013F1584BD3771D0B3DD707BE,1970B8C6361E45
8D8013F199141DA3381C165C1B1E,1970BA8FEDF52E
8D8013F1584BD376FB0B3BF5A790,1970DF25AB9544
8D8013F199141DA3382016CADD17,1970E05628FC43
8D8013F1F82300020049BC05CD5E,1970E0EED7692C
8D8013F199141DA3382816BAB117,1971074E0EEC2B
8D8013F1EA13A858013C0858057D,19712220CAA74A
8D8013F1584BD734C48D58A66EA9,19712351836148
8D8013F199141DA3382816BAB117,197129E0667C46
8D8013F1584BD376A10B37D75902,197147E6AF8E48
8D8013F199141DA3382816BAB117,197149B05EDA34
8D8013F1584BC376850B3595C4D4,1971651BE1AA4A
8D8013F199141DA3382016CADD17,19716B11D81644
8D8013F1E1021F0000000021B5E8,19716FD648372F
8D8013F1EA13A858013C0858057D,19717107C05A30
8D8013F1584BC376690B34164307,1971874EB31B28
8D8013F199141DA3381C165C1B1E,19718D44948930
8D8013F1584BC734508D5296BF87,1971A8AF700D46
8D8013F1EA13A858013C0858057D,1971C45414C348
8D8013F1584BC734348D519182EA,1971CCABEE7826
8D8013F199141EA3382816BFAE45,1971D03FDA1E2D
8D8013F1584BC376130B3071B1D0,1971E77ED26C44
8D8013F199141EA3382416F7F445,1971E8AFBA4547
8D8013F199141EA3382416F7F445,19720880388C36
8D8013F1584BB375F10B2EA06C48,19720D4535BA1C
8D8013F1EA13A858013C0858057D,1972159D8E261C
8D8013F1F82300020049BC05CD5E,197222BA2A7227
8D8013F199141EA3382016CFC245,197225B5195C3A
8D8013F1584BB375D50B2D2DA977,19722D74D23E2E
8D8013F199141EA3382016CFC245,19724A4A9DDA1F
8D8013F1584BB733BE8D4B4EB47B,19725209DB7224
8D8013F1EA13A858013C0858057D,197262BA7BDE42
8D8013F199141EA3382016CFC245,197266E6A39F3E
8D8013F1584BB375970B29BCC191,19727108FA4143
8D8013F199141EA3382416F7F445,19728D45DA382A
8D8013F1584BB733808D486B3FDE,19729636E3B032
8D8013F199141EA3382016CFC245,1972A5B5C4DE51
8D8013F1EA13A858013C0858057D,1972B1A195B332
8D8013F1584BB3755D0B265697AC,1972B36B7CF74A
8D8013F199141EA3382416F7F445,1972C45572EB33
8D8013F1F82300020049BC05CD5E,1972C919E8E84C
8D8013F1584BB375470B25013124,1972CFA866353B
8D8013F199141FA3382416F4FE8B,1972DDF6735050
8D8013F1584BA375250B23E59510,1972F1A1E1BF64
8D8013F199141FA3382816BCA48B,1972FA92CE0B34
8D8013F1EA13A858013C0858057D,197304EDEF8A48
8D8013F1584BA733168D42404672,197310419D983B
8D8013F199141FA3382816BCA48B,19731D5E135150
8D8013F12218C1F2C7182057DEA3,19731F283B5859
8D8013F1584BA374ED0B203FDEA6,19733109EC2357
8D8013F199141FA3382016CCC88B,197341F3468345
8D8013F1584BA732E08D3F42983A,1973520B32E433
8D8013F1EA13A858013C0858057D,19735637D44A33
8D8013F199141FA3382416F4FE8B,19735FC0C5B24A
8D8013F1F82300020049BC05CD5E,19736B14684739
8D8013F1584BA374B30B1DD4A451,1973736C7DCD46
8D8013F199141FA3382416F4FE8B,1973828C72FA31
8D8013F1584B9374970B1C088855,1973959F3EA436
8D8013F199141FA3382016CCC88B,19739E8FFE2349
8D8013F1EA13A858013C0858057D,1973A51F16B53E
8D8013F1584B9732868D3A0FDCD8,1973B5365BDA40
8D8013F199141FA3382016CCC88B,1973C4EED99C35
8D8013F1584B97326A8D398C4710,1973D801C67B2F
8D8013F199141FA3382016CCC88B,1973E354FF974F
8D8013F1584B9374430B177DF9C0,1973F23BAE2F3C
8D8013F1EA13A858013C0858057D,1973F667DF3723
8D8013F199141FA3382816BCA48B,19740587C12A27
8D8013F1F82300020049BC05CD5E,197412A4D0743D
8D8013F1584B93741F0B1573AA95,1974193390E42D
8D8013F199141FA3382816BCA48B,19742650452C4A
8D8013F1EA13A858013C0858057D,197447EA655344
8D8013F199141FA3382C1684928B,19744D4864BB30
8D8013F1584B8373F30B13ECA33B,19744DE05F6833
8D8013F12218C1F2C7182057DEA3,1974694B919839
8D8013F1584B8731EA8D32D570D6,19746A7CCF9F4F
8D8013F199141FA3382C1684928B,19746D77BBD944
8D8013F1584B8373B90B10ECB9F1,19748FAA70BA37
8D8013F199141FA3381C15A5E690,1974917441982B
8D8013F1EA13A858013C0858057D,1974989B5CA835
8D8013F199141FA3382016CCC88B,1974A94BDAA756
8D8013F1584B8731B28D2F133217,1974AA7D2AFE46
8D8013F1F82300020049BC05CD5E,1974AF41BF413C
8D8013F199141FA3382C1684928B,1974CC1720E73A
8D8013F199141FA33830162C108B,1974E3EED3A84A
8D8013F1584B83736B0B0C4A011E,1974E6512F7D53
8D8013F1EA13A858013C0858057D,1974E94C25BA4A
8D8013F1584B8731648D2B824B48,197504F08F5B35
8D8013F1E1021F0000000021B5E8,19751B96E74552
8D8013F1584B7373370B095257C6,1975218CD17C55
8D8013F199141FA3381816623882,19752E1189D049
8D8013F1EA13A858013C0858057D,19753A95B40C3F
8D8013F1584B73731B0B08B12CEA,1975415D871037
8D8013F199141FA33818159DD090,1975517521B73F
8D8013F1F82300020049BC05CD5E,197553D77FBE4C
8D8013F1584B7372FF0B0688542A,1975605BF66547
8D8013F199141FA3382016CCC88B,19756E11DDEB43
8D8013F1584B7730F48D2577774E,197584F12DBE29
8D8013F199141FA3382416F4FE8B,19758C1813272D
8D8013F1EA13A858013C0858057D,19758D49A7DA36
8D8013F1584B7372C50B039AAAA6,19759FC3A17235
8D8013F199141FA3382C1684928B,1975AC48039736
8D8013F1584B6372A90B013C6D2A,1975C28EFEA624
8D8013F199141FA3382816BCA48B,1975CD49F50F1B
8D8013F1584B6730A68D210BF758,1975DC30BB173B
8D8013F1EA13A858013C0858057D,1975DD61A65B30
8D8013F199141FA3382015332099,1975ED79962745
8D8013F1F82300020049BC05CD5E,1975F10D726B3B
8D8013F199141EA3382416F7F445,197613D870E52D
8D8013F1584B6372550AFD96BBF2,197620F5831C3E
8D8013F1EA13A858013C0858057D,19762BB02B273E
8D8013F1584B6372330AFB75E222,197647ECF2662E
8D8013F1E1021F0000000021B5E8,197662BF91BF2D
8D8013F1584B6372150AFAE39384,197666EBB1FE3C
8D8013F1F82300020049BC05CD5E,19769340EBA62D
8D8013F199141EA3382415081C57,197696D4200245
8D8013F1584B5371D70AF74A897F,1976AB18797A3A
8D8013F199141EA3382416F7F445,1976B79C90AB34
8D8013F1584B5371C10AF5BB28F2,1976C9B7642726
8D8013F1EA13A858013C0858057D,1976CFAD4E5F38
8D8013F199141DA3382815455905,1976DC320A5C25
8D8013F1584B5371A30AF490F002,1976E6EC828D37
8D8013F12218C1F2C7182057DEA3,1976EE13F73623
8D8013F199141DA3382416F2EB17,1976F8CE423C43
8D8013F1584B572FA08D13BBE38E,19770AE9081D38
8D8013F199141DA3381C15A3F30C,1977189E6C6925
8D8013F1EA13A858013C0858057D,19771F2D4FC225
8D8013F1584B572F8A8D12746124,19772359146436
8D8013F199141DA33824150D0305,197731A74A5536
8D8013F1F82300020049BC05CD5E,197734A243BE28
8D8013F1584B43714F0AF0DC170E,19774886CE2823
8D8013F1584B472F4C8D0FF79436,197768B6BF152E
8D8013F199141DA3382816BAB117,19776B19AEEC2D
8D8013F1EA13A858013C0858057D,19776C4A46B134
8D8013F1584B472F368D0E6FAADE,197784F3894220
8D8013F1584B4370F90AEB5657E9,1977A523D7433B
8D8013F1E1021F0000000021B5E8,1977A785E28736
8D8013F199141EA3382816BFAE45,1977AFDE1F9A31
8D8013F1EA13A858013C0858057D,1977C160ACBA23
8D8013F1584B472EFE8D0BB5C545,1977C45BAA7925
8D8013F199141EA3382816BFAE45,1977CD4CD69C21
8D8013F1F82300020049BC05CD5E,1977D89F62A036
8D8013F1584B372EE68D0A6A91F4,1977DDFCB27F3B
8D8013F199141DA33824150D0305,1977E94FF55F33
8D8013F1584B472ECC8D093649E5,1977FA00DAE21C
8D8013F199141DA3381816642D1E,197809B8F77922
8D8013F1EA13A858013C0858057D,19781178B30C28
8D8013F199141DA3381415D39F0C,1978235A5E392F
8D8013F12218C1F2C7182057DEA3,19782786918432
8D8013F199141DA3381C15A3F30C,19784625B7C325
8D8013F1584B33705B0AE371B123,19785B9B01033E
8D8013F1F82300020049BC05CD5E,19787372ACA027
8D8013F1584B372E608D0353E8BA,1978740BBA4432
8D8013F1584B3370210AE11667D9,19789A6A18023E
8D8013F199141DA3381C15A3F30C,1978AA8220B540
8D8013F1EA13A858013C0858057D,1978B11114693C
8D8013F1584B272E248D0021051E,1978BA01D2B02E
8D8013F199141DA3382816BAB117,1978CC1C44461D
8D8013F1584B272E0C8CFFFED23F,1978D8080C5132
8D8013F1E1021F0000000021B5E8,1978DE9698FE22
8D8013F199141DA33824150D0305,1978EE16966A3A
8D8013F1584B236FCD0ADC6800DB,1978F9693B9331
8D8013F1EA13A858013C0858057D,1979058E293E29
8D8013F199141DA3381C15A3F30C,19790D4E15B351
8D8013F1F82300020049BC05CD5E,1979193A413B3E
8D8013F1584B236FAB0ADB74AD02,19792060B3D63D
8D8013F199141DA33824150D0305,19792656911D40
8D8013F1584B236F890AD92A65B2,19794758793E3A
8D8013F199141DA3382015353505,19794C1CE0A537
8D8013F1EA13A858013C0858057D,197953DC8EF944
8D8013F1584B272D928CF9F7EAD4,197962C34FA242
8D8013F12218C1F2C7182057DEA3,1979652609B33A
8D8013F199141DA3382015353505,19796BB45E7943
8D8013F1584B236F4F0AD699C083,19798889B94930
8D8013F199141DA3382015353505,1979917A8AD933
8D8013F1EA13A858013C0858057D,19799FC8BADE2A
8D8013F1584B136F330AD57CEED6,1979A657353C40
8D8013F199141DA3381C15A3F30C,1979AD7E51853A
8D8013F1F82300020049BC05CD5E,1979B96A95572B
8D8013F1584B136F170AD30EE7D6,1979C88A0D5528
8D8013F199141DA3381C15A3F30C,1979D17AD9F327
8D8013F1584B172D1C8CF30E2CA0,1979E95277F348
8D8013F199141DA3382015353505,1979EFE0FFAF3F
8D8013F1EA13A858013C0858057D,1979F079957440
8D8013F1584B172D068CF2599633,197A0628063823
8D8013F199141DA33824150D0305,197A0F18D3242B
8D8013F1E1021F0000000021B5E8,197A1C36494638
8D8013F1584B136EC70ACF980AE8,197A219374F333
8D8013F199141CA33824150E09CB,197A2BB5314935
8D8013F1584B136EAB0ACEF18996,197A432D411D2E
8D8013F1584B172CB28CEE37AE72,197A635D2BF03A
8D8013F199141CA3382015363FCB,197A75D7A2D73B
8D8013F1EA13A858013C0858057D,197A921464783D
8D8013F199141CA3582C15B1E1B0,197A96D9262428
8D8013F12218C1F2C7182057DEA3,197A9C36C9FF3B
8D8013F1584B036E4F0ACAD3CC92,197AA658773237
8D8013F199141CA3582C15B1E1B0,197AB375B79E3F
8D8013F1584B036E390AC9121D6D,197AC32DF91323
8D8013F199141CA3582C15B1E1B0,197AD04B452725
8D8013F1584B072C488CE9751CFA,197ADD67E8883B
8D8013F1EA13A858013C0858057D,197AE062DFBE24
8D8013F199141CA358281589D7B0,197AE953D04F38
8D8013F1584B036E050AC62C7610,197AF709FED126
8D8013F199141CA3582015F9BBB0,197B075ABF0829
8D8013F15849F72C168CE79CC2F3,197B180B02EC36
8D8013F199141CA3582415C18DB0,197B1F32611F3A
8D8013F1EA13A858013C0858057D,197B3114145B34
8D8013F15849F72BFA8CE5335F8B,197B36712EC324
8D8013F199141CA3582415C18DB0,197B3B35F78326
8D8013F1E1021F0000000021B5E8,197B59D5071E26
8D8013F15849F36DAF0AC2765659,197B5B0651993D
8D8013F199141CA3582015F9BBB0,197B5B9F085333
8D8013F199141CA358281589D7B0,197B75404E1E30
8D8013F15849F36D930AC148757E,197B78D3D3782C
8D8013F15849F36D770ABF5852E5,197B9B9F88BE35
8D8013F199141CA3582015F9BBB0,197BAC4FA00438
8D8013F15849F36D5B0ABEBB29C9,197BB7A2E11F2D
8D8013F199141CA3581C156F7DB9,197BC88C847F35
8D8013F1EA13A858013C0858057D,197BD3DFC2003A
8D8013F12218C1F2C7182057DEA3,197BE529346E27
8D8013F199141CA3582415C18DB0,197BEBB75EF730
8D8013F15849E72B4C8CDD5C677D,197C00CD218C2E
8D8013F199141CA3582015F9BBB0,197C12AEEB3F3C
8D8013F15849E72B308CDCE8A013,197C1E9AB4433C
8D8013F199141CA3582015F9BBB0,197C3541419631
8D8013F15849E36CE30AB8BCC2CB,197C43C89B7034
8D8013F1F82300020049BC05CD5E,197C446161F938
8D8013F199141CA3582015F9BBB0,197C5478EDEA3D
8D8013F15849E36CC10AB71DB628,197C665AB28C54
8D8013F199141CA3582015F9BBB0,197C72DF247F2B
8D8013F15849E72AD28CD702ED6A,197C8AF0502039
8D8013F199141CA3582415C18DB0,197C97744A0544
8D8013F15849E72AB68CD605CC1C,197CAA8748F53B
8D8013F1EA13A858013C0858057D,197CC592EDC32D
8D8013F15849D72A9E8CD5800F0F,197CC6C4057626
8D8013F199141CA3582015F9BBB0,197CD93EA8003E
8D8013F1F82300020049BC05CD5E,197CDC39A5CE43
8D8013F15849D36C4F0AB1E43806,197CE52A779D40
8D8013F199141CA3582015F9BBB0,197CF7A471C237
8D8013F15849D36C390AB025F5E2,197D01675B2D23
8D8013F1EA13A858013C0858057D,197D117EF1EC48
8D8013F199141CA3582415C18DB0,197D1BA111DF44
8D8013F12218C1F2C7182057DEA3,197D2065DBD843
8D8013F15849D72A4A8CD10ADED2,197D2491F8AC44
8D8013F199141CA3582415C18DB0,197D3A9FDE672B
8D8013F15849D72A2A8CCFC5EE30,197D4B89605431
8D8013F1EA13A858013C0858057D,197D5D6B868E28
8D8013F199141CA3582415C18DB0,197D619743703F
8D8013F15849C72A0E8CCE789BF4,197D6A88186A38
8D8013F199141CA358281589D7B0,197D8167FBB334
8D8013F1F82300020049BC05CD5E,197D8298D0422F
8D8013F15849C729F28CCD5A43D9,197D8B89E76625
8D8013F15849C36BA50AA9577CB7,197DA52B753641
8D8013F1EA13A858013C0858057D,197DABB9FEB840
8D8013F199141CA3582015F9BBB0,197DC299297E32
8D8013F15849C36B870AA8F65C15,197DC9C043552F
8D8013F1E1021F0000000021B5E8,197DD47AE4F82F
8D8013F199141CA3581C156F7DB9,197DDF35D8733F
8D8013F15849C36B6B0AA7758F87,197DE65C90A23B
8D8013F199141CA3581C156F7DB9,197DF83E537F2B
8D8013F1EA13A858013C0858057D,197E00372CA22A
8D8013F15849C729828CC748EFC5,197E0AF1D7CA2C
8D8013F1F82300020049BC05CD5E,197E1CD378B635
8D8013F199141CA3582015F9BBB0,197E1E9D462938
8D8013F15849C36B2D0AA42C6641,197E2CEB710E36
8D8013F199141CA3582015F9BBB0,197E3A08E9A121
8D8013F1EA13A858013C0858057D,197E4D54BED735
8D8013F15849B729448CC468440E,197E504FDBA72B
8D8013F199141CA358281589D7B0,197E5A716C4A36
8D8013F12218C1F2C7182057DEA3,197E5CD3D0E927
8D8013F199141CA3582C15B1E1B0,197E770E205F2B
8D8013F15849B729128CC21325E7,197E8CBC27BB2F
8D8013F1EA13A858013C0858057D,197E9940E76134
8D8013F199141CA35830151963B0,197E9E0540CE30
8D8013F15849B728F08CC006ECFB,197EAFE6FAA13F
8D8013F199141CA35830151963B0,197EB7A6BBD130
8D8013F1F82300020049BC05CD5E,197EC201DC0822
8D8013F15849A36A990A9D1FB9CF,197ED514C2012F
8D8013F199141CA3583815690FB0,197ED7771ED036
8D8013F1EA13A858013C0858057D,197EE8C04BF83A
8D8013F15849A728B28CBD5A0E90,197EF544A58137
8D8013F199141CA3584015BB77AB,197EFA09DF5B23
8D8013F15849A728968CBCD7D7B4,197F1646911D1F
8D8013F199141CA3584815CB1BAB,197F19D9C0C631
8D8013F1E1021F0000000021B5E8,197F1C3CA5532E
8D8013F15849936A430A987932B5,197F31B1700C37
8D8013F199141CA3583C155139B0,197F34AC825C2E
8D8013F1EA13A858013C0858057D,197F35DD89371F
8D8013F15849936A2B0A9727B48E,197F4F1F71E72C
8D8013F199141CA3784015FE0B82,197F534C144731
8D8013F1F82300020049BC05CD5E,197F5E9ED0A233
8D8013F1584997284C8CB9B15CCE,197F6A8ACA6B2F
8D8013F199141CA3784415C63D82,197F6FE7E6492B
8D8013F158498369F90A95CD13ED,197F88914CCD24
8D8013F1EA13A858013C0858057D,197F8929E8DB26
8D8013F199141CA3784C15B65182,197F92B34C8529
8D8013F12218C1F2C7182057DEA3,197F9B0B9D502B
8D8013F199141CA37848158E6782,197FB414EDCC37
8D8013F158498369B90A92B83B9B,197FCD56A00B32
8D8013F1EA13A858013C0858057D,197FD6E016B12A
8D8013F199141CA3984014247F5D,197FD9DAB6FD35
8D8013F158497369A30A910648BA,197FE65F1DC631
8D8013F199141CA3984415E3BD54,197FF5DE864428
8D8013F158497727C68CB27B5FF6,198006C810BD37
8D8013F199141CA3984415E3BD54,1980164800BB34
8D8013F158497727AA8CB112C093,198022CC17EC3B
8D8013F1EA13A858013C0858057D,1980265F74FE3D
8D8013F199141CA3984815ABE754,19802FE8DADB2C
8D8013F158496727928CB02B024B,198040D2A6C231
8D8013F1E1021F0000000021B5E8,19805F3902343B
8D8013F158496369350A8B2DD1CE,19805FD14EF939
8D8013F199141CA3983C1531C54F,198072E45DF638
8D8013F1EA13A858013C0858057D,19807677B53B33
8D8013F158496727548CAD985BB9,19808597DAFE34
8D8013F199141CA3B84414593574,198095AF843B44
8D8013F1F82300020049BC05CD5E,1980A234956C45
8D8013F158495727388CAB5FFDC3,1980A496567848
8D8013F199141CA3B84415A6C17D,1980B0821EC139
8D8013F1EA13A858013C0858057D,1980C7FA5DF23C
8D8013F158495368D90A872BE23D,1980C892FEA332
8D8013F199141CA3B84014610374,1980D47EAC1239
8D8013F12218C1F2C7182057DEA3,1980E52F8FDF3B
8D8013F158495368BD0A862CC34B,1980E5C7C52542
8D8013F199141CA3B84014610374,1980F37D68BC39
8D8013F158494726DE8CA74D9D7A,19810C26C8A83C
8D8013F1EA13A858013C0858057D,198116E170F136
8D8013F199141CA3B84414593574,1981177A07A048
8D8013F199141CA3B84415A6C17D,1981337DC7C435
8D8013F158494726AA8CA568100E,19814467B22F29
8D8013F1F82300020049BC05CD5E,1981463140E33B
8D8013F199141CA3D84014AE870F,198156E1BDAA3D
8D8013F1EA13A858013C0858057D,19816366224045
8D8013F158493368490A804098E4,198165C8721E41
8D8013F199141CA3D84415694506,198174AF48C03A
8D8013F1584933682D0A7F42491B,198189C50A2C37
8D8013F199141DA3D8441495BBC1,19819B0E2A1544
8D8013F1E1021F0000000021B5E8,1981A36665A244
8D8013F158493368090A7D30782D,1981AB266AB046
8D8013F1EA13A858013C0858057D,1981B24D5B4533
8D8013F199141DA3D840155279C8,1981B8DBC9EB29
8D8013F158492726348C9FBFAC62,1981CB8F0B5142
8D8013F199141DA3D8441495BBC1,1981D8AC160745
8D8013F1F82300020049BC05CD5E,1981E497E9F945
8D8013F199141DA3D848152215C8,1981F8DBFCF238
8D8013F1EA13A858013C0858057D,19820763958B45
8D8013F158492367B30A797436CD,19820DF1CFB435
8D8013F12218C1F2C7182057DEA3,19821D711BA241
8D8013F199141DA3F84814989DE8,19821FD385DE40
8D8013F158491725DE8C9BC2ECDD,198228C461ED39
8D8013F199141DA3F840151705E1,198237AB395A5A
8D8013F1584913677F0A76E36C56,198249C607E530
8D8013F1EA13A858013C0858057D,198258ACB73920
8D8013F199141DA3F84414D0C7E8,19825BA7B99B39
8D8013F1584903675B0A755E0589,19826CF1361B3F
8D8013F199141DA3F84814989DE8,198274B08D072F
8D8013F1F82300020049BC05CD5E,19828337D06C18
8D8013F158490367390A738A0D5D,198293E8509D2B
8D8013F1EA13A858013C0858057D,1982A82CE5B732
8D8013F199141EA3F83C1407A0A1,1982B418912228
8D8013F1E1021F0000000021B5E8,1982E2CFD1F632
8D8013F15847F725328C92F04AE8,1982E9F6E2482F
8D8013F199141EA3F83C1407A0A1,1982F2E7542423
8D8013F1EA13A858013C0858057D,1982F8DD49672E
8D8013F15847F366D10A6E947331,19830764DD9B29
8D8013F15847F366B90A6C354959,19832105F05F35
8D8013F1F82300020049BC05CD5E,198325CAAC2F34
8D8013F15847F366A10A6B797F65,198338DD95A31B
8D8013F1EA13A858013C0858057D,19834C2998042F
8D8013F12218C1F2C7182057DEA3,198358AE03AE1F
8D8013F15847E366850A6AC40AA1,19835946ECB330
8D8013F15847E724B48C8C2D52E9,1983754A6AAD23
8D8013F199141FA418481468FA1B,198375E3016C3F
8D8013F15847D366510A67E0AA39,198393515C152B
8D8013F1991420A4184C14105B21,198395B35F0C30
8D8013F1EA13A858013C0858057D,1983994742B322
8D8013F15847D366390A66BE7843,1983AC59D3B62A
8D8013F1991420A4184414603721,1983B845AA6724
8D8013F1F82300020049BC05CD5E,1983C2A0D6181B
8D8013F15847D7246A8C88837C9E,1983CA60ED7633
8D8013F1991420A4384414254B08,1983DEA4792E37
8D8013F15847D724528C878A46E7,1983E2386AEE25
8D8013F1EA13A858013C0858057D,1983E7957B432D
8D8013F15847C365E70A61F2E013,198409C824AB35
8D8013F1991421A43848146E1BC6,19841C42D7A13C
8D8013F1E1021F0000000021B5E8,19842C5A77582E
8D8013F15847C365C50A5FAD4191,19842CF311B12C
8D8013F15847B365A10A5DC6CE55,198453EA82713E
8D8013F1991421A43844142641C6,1984577E3EBA41
8D8013F1F82300020049BC05CD5E,19845A79130740
8D8013F15847B723D48C80C37311,19846EBD6F7D30
8D8013F1991421A43848146E1BC6,198475E4634E31
8D8013F15847B723B88C7E50F4EF,19849188B02F3C
8D8013F1991422A4584C149CB6EF,198492B99E2344
8D8013F12218C1F2C7182057DEA3,1984A23960E737
8D8013F15847A365490A59BD785D,1984B1B85E7623
8D8013F15847A3652B0A576900E5,1984D3EB2FA93F
8D8013F1991423A4584813585A05,1984D483C6683F
8D8013F1EA13A858013C0858057D,1984D77EEBF225
8D8013F1991423A4584414EFD021,1984F1B8B5222B
8D8013F15847A3650F0A551B31D3,1984F3828B9D23
8D8013F1F82300020049BC05CD5E,1984F7165ED92F
8D8013F1584797233E8C7708D461,1985164E86F537
8D8013F1991423A4584414EFD021,198518B0347941
8D8013F1EA13A858013C0858057D,19852796F76441
8D8013F1991423A4584814A78A21,198531B9066E2E
8D8013F158479723228C758C7F66,198535E5418836
8D8013F1991424A4584813516E6F,19855189A4A243
8D8013F158479364B10A50AE9285,1985594969E843
8D8013F1E1021F0000000021B5E8,1985679755A128
8D8013F1991424A4584014DED24B,19857251E30032
8D8013F1991424A4784013647E46,1985977FB8D741
8D8013F158478364750A4CC93B1C,19859BABDACC41
8D8013F1F82300020049BC05CD5E,19859C44ED033E
8D8013F1991424A4784814EBC262,1985B1B9A5AC3C
8D8013F158477364530A4A494F37,1985C2A3490C3A
8D8013F1EA13A858013C0858057D,1985C800ABF63F
8D8013F1991424A4784814EBC262,1985CFC04FD944
8D8013F1584777228C8C6C6CBCCB,1985DCDD51B542
8D8013F12218C1F2C7182057DEA3,1985DE0E7BF637
8D8013F1584773641D0A477E50B8,1985F979AA7C3A
8D8013F1EA13A858013C0858057D,1986151E05873A
8D8013F158477722588C6919991F,198616E7E9AE32
8D8013F1F82300020049BC05CD5E,19863717F68031
8D8013F158476363E30A4327A99F,198638E161033C
8D8013F1991425A4784814E8C8AC,1986397A02FC3A
8D8013F1584767221E8C658F7C71,198658B1D8942E
8D8013F1991425A4784813171888,19865FD918523A
8D8013F1EA13A858013C0858057D,198661A2A0306E
8D8013F158476722008C64EF97E6,198674B5AAC832
8D8013F1991425A47838144ADCB7,1986820BCB0035
8D8013F158475363910A3E822A0D,198695B734AD38
8D8013F1E1021F0000000021B5E8,19869EA8103F3A
8D8013F1991425A4983813908C45,1986A2D42B9C41
8D8013F1EA13A858013C0858057D,1986AF58993A3B
8D8013F1584753636D0A3C2301DC,1986B849D53C3E
8D8013F1991425A498441485127A,1986C6D0BB4E32
8D8013F1F82300020049BC05CD5E,1986D3EDAD9A40
8D8013F158475721AA8C5E195A22,1986D65066B13C
8D8013F1991425A498481332985E,1986E962FF843B
8D8013F158474363370A39CED7CB,1986F1BB4B6D37
8D8013F1EA13A858013C0858057D,198701740A9D43
8D8013F1991425A4984014BD247A,19870D5FD4DA3D
8D8013F158474721708C5B1E8898,198718B2C6303D
8D8013F12218C1F2C7182057DEA3,1987194BB6F53F
8D8013F1991425A4983813908C45,19872C5E664E43
8D8013F158474721528C59404028,1987341E51F841
8D8013F1991425A4983813908C45,19874933B23A30
8D8013F1EA13A858013C0858057D,19874FC239C73E
8D8013F1991425A4B83C13EDC66C,198767013FD030
8D8013F158473362C70A32713080,19876D8FC99032
8D8013F1F82300020049BC05CD5E,198772ED131637
8D8013F1991425A4B84C14B00253,198789CCA06F2F
8D8013F158473362A90A30FCF36E,19878E91500A37
8D8013F1991424A4B8481374EEB9,1987AC5EFC923D
8D8013F1584723628D0A2EBEC63A,1987ACF781403C
8D8013F1991424A4B84014FB529D,1987CB96BC403A
8D8013F158472720C68C51C836EE,1987D2BDFEDD34
8D8013F1E1021F0000000021B5E8,1987E6694AD035
8D8013F1991424A4B834139EA0A2,1987E964491B38
8D8013F1EA13A858013C0858057D,1987EB2E5FBD2D
8D8013F158472720A48C4F1CAE8E,1987F41F3E7B36
8D8013F1991424A4B83813D6FAA2,19880B97068835
8D8013F1F82300020049BC05CD5E,1988118CF94B33
8D8013F1584713622D0A29BF9BBA,19881487DB0632
8D8013F1991424A4D84413F330C2,19882EC1E94D34
8D8013F158471720708C4C385A57,1988308BA3672E
8D8013F1EA13A858013C0858057D,198840443BC633
8D8013F158471361F70A26F48E62,19884E923AC82B
8D8013F158471720348C4885CB37,19886F5B06C023
8D8013F1991423A4D83C13287CB3,198874B82DD92F
8D8013F1EA13A858013C0858057D,19888FC3C4BD28
8D8013F158470720188C475648BA,1988918DBAB630
8D8013F1991423A4D84013C232A8,19889357E1B32C
8D8013F1F82300020049BC05CD5E,1988AE2A47BC2A
8D8013F15847071FFA8C45243FA9,1988AFF3EB2124
8D8013F1991423A4D84413FA04A8,1988B5513A8331
8D8013F158470361810A1F04BE62,1988CF2B7C6C2F
8D8013F1991423A4D84013C232A8,1988DBAFEDB430
8D8013F15845F71FC08C413558A8,1988EEC2DE7B2A
8D8013F1991423A4D84413FA04A8,1989033FF9D731
8D8013F1991423A4D83813104AB3,19891FDC5D9A22
8D8013F1E1021F0000000021B5E8,19892B2FFB4C36
8D8013F1EA13A858013C0858057D,19892CF967172B
8D8013F15845F361230A194C27CD,198931BE1B5526
8D8013F1991423A4D83813104AB3,19894471FFA335
8D8013F1F82300020049BC05CD5E,19894DFAFDAE3A
8D8013F1991423A4F834131D6C9A,198961A67E4D34
8D8013F15845E360E70A16FF7BCD,198971262A5C3B
8D8013F1EA13A858013C0858057D,198982A803CD3E
8D8013F1991423A4F834131D6C9A,198983D933AB3A
8D8013F12218C1F2C7182057DEA3,198990F643813B
8D8013F15845E360C90A14F84071,19899358F50836
8D8013F1991423A4F84413BF7881,1989A53AAD2632
8D8013F15845D71F0A8C37437138,1989B5525EEF39
8D8013F1991423A4F84413BF7881,1989C936D23743
8D8013F1EA13A858013C0858057D,1989D3F17CA33A
8D8013F15845D71EEE8C3685A9B0,1989D7850BC141
8D8013F1991422A4F83C136E0A54,1989E4097FF72D
8D8013F1F82300020049BC05CD5E,1989ECFA78583C
8D8013F15845D3606F0A0FD54CF5,1989F2F0369D40
8D8013F1991422A4F8401384444F,198A09CFDFCB4C
8D8013F15845C71EB28C32BB7228,198A178569C04B
8D8013F1EA13A858013C0858057D,198A21A79CFC4A
8D8013F1991422A4F84413BC724F,198A29FFE1A030
8D8013F15845C71E908C30E5BA98,198A3A18279B3E
8D8013F1991422A4F84C13CC1E4F,198A4E94DF9944
8D8013F1991422A4F84413BC724F,198A6D939EF33C
8D8013F1EA13A858013C0858057D,198A725853703E
8D8013F1E1021F0000000021B5E8,198A72F0DFAF3C
8D8013F15845B71E5A8C2D9C56C6,198A75EBE3493D
8D8013F1F82300020049BC05CD5E,198A9190200E46
8D8013F1991422A4F840127BB046,198A92C1521F48
8D8013F15845B35FDB0A077FF815,198A935A42E444
8D8013F15845B35FC30A0633EA04,198AACFBF45938
8D8013F1EA13A858013C0858057D,198AC5A4A1513B
8D8013F1991422A4F8401384444F,198ACC3327A642
8D8013F15845A71E088C29E0D6D0,198AD2C1A4653F
8D8013F12218C1F2C7182057DEA3,198AD35A924C31
8D8013F1991422A51840138A39CA,198AEE2D25BE3C
8D8013F15845A71DE68C27FB5E3C,198AF4BB4C5038
8D8013F1991422A5184413B20FCA,198B0CCC0B8A3E
8D8013F15845A71DCE8C262F7414,198B1190C81641
8D8013F1EA13A858013C0858057D,198B148BA4B03A
8D8013F1F82300020049BC05CD5E,198B2C63659A49
8D8013F1991422A4F84413BC724F,198B2D94877E36
8D8013F15845971DB08C242E06CA,198B2F5E524139
8D8013F15845935F2D09FDDD42AA,198B4DFD739F42
8D8013F1991422A4F8401384444F,198B4E96246E41
8D8013F1EA13A858013C0858057D,198B64A4390940
8D8013F15845971D768C219DCF8C,198B6EC604442B
8D8013F1991422A51840138A39CA,198B6FF736932C
8D8013F1991422A4F84412438646,198B922A06013E
8D8013F15845835EEB09FA75C644,198B948C4A753F
8D8013F15845871D3A8C1E80E912,198BAFF795CA3B
8D8013F1EA13A858013C0858057D,198BB1290F6434
8D8013F1991422A4F840127BB046,198BB1C14CB73A
8D8013F1F82300020049BC05CD5E,198BCF2F4D983F
8D8013F1991422A4F83812A9C85D,198BD48CA6033E
8D8013F15845871D188C1CDE21A2,198BD6EF6DFF40
8D8013F1991422A4F84413BC724F,198BEEC6A82537
8D8013F15845735E8B09F453C3D7,198BF8E8B3573B
8D8013F1991423A4F84C1230E088,198C15BE4C1B40
8D8013F1991423A4F84813F72281,198C2E2EE26242
8D8013F15845771CC08C17308BC1,198C3686B8DC37
8D8013F1991423A4F84013874E81,198C4A6B93A844
8D8013F1EA13A858013C0858057D,198C519258C844
8D8013F15845671CA88C15A11D49,198C52C37B7743
8D8013F1991423A4D83C12D788BA,198C670796023F
8D8013F1F82300020049BC05CD5E,198C68D168D43F
8D8013F15845635E1B09EE54A325,198C71C2403F3B
8D8013F1991423A4D84813B25EA8,198C8C35A21C46
8D8013F15845635DFD09EC21C19B,198C948DACD43F
8D8013F1EA13A858013C0858057D,198CA1AAA5793B
8D8013F1991423A4D8441205F0A1,198CA707F3643D
8D8013F15845535DE509EB3C0287,198CACFDFD684B
8D8013F1991423A4D84413FA04A8,198CC3DD5C4E40
8D8013F15845535DC109E94E33B1,198CD3F54BDB3B
8D8013F1991423A4B84412CA74DA,198CE2DC3C203C
8D8013F15845571C168C0DC01FC7,198CEE2FD43544
8D8013F1EA13A858013C0858057D,198CEFF9451043
8D8013F1E1021F0000000021B5E8,198CF4BDE77C3F
8D8013F1991423A4B84012F242DA,198D017BCFFE3D
8D8013F1F82300020049BC05CD5E,198D0B9D696B3E
8D8013F15845535D8D09E66298A7,198D0FC97CE943
8D8013F1991423A4B84012F242DA,198D1E17E6DA39
8D8013F15845435D6909E440F98E,198D325BC7B731
8D8013F1991423A4B84412CA74DA,198D3982E1DC3E
8D8013F1EA13A858013C0858057D,198D450F346340
8D8013F15845435D5109E349B39B,198D4FC9FA753D
8D8013F1991422A49844128C023D,198D5CE6D3CA38
8D8013F12218C1F2C7182057DEA3,198D61AB968037
8D8013F15845435D3309E19D8379,198D6B355D3A3B
8D8013F1991422A4984012B4343D,198D817CA7E039
8D8013F15845371B868C058737EF,198D90630D0B34
8D8013F1EA13A858013C0858057D,198D90FB620D34
8D8013F1991422A49844128C023D,198D9C4F35B42E
8D8013F1F82300020049BC05CD5E,198DAD97BE8D35
8D8013F15845335CF309DD44AD47,198DB12BC0A939
8D8013F1991422A49844128C023D,198DBAB4B28E39
8D8013F15845335CDB09DC90876F,198DCFCA70904D
8D8013F1991421A47834120E89A2,198DD8BB570F40
8D8013F1EA13A858013C0858057D,198DDE18AFB83B
8D8013F15845271B348C0021C326,198DE96BD8A73E
8D8013F1991421A4783C127EE5A2,198DF721CEC43E
8D8013F15845271B128BFE679680,198E10FBF3603E
8D8013F1991421A4784812E4C7B9,198E1D805E8E37
8D8013F1EA13A858013C0858057D,198E2A9DBC8433
8D8013F1E1021F0000000021B5E8,198E368935E236
8D8013F1991421A4784812E4C7B9,198E44783A7C2E
8D8013F1F82300020049BC05CD5E,198E548FD7843B
8D8013F1991421A478401294ABB9,198E6376963936
8D8013F1EA13A858013C0858057D,198E78EBDB4332
8D8013F15845135C3D09D30707B7,198E79848F8C33
8D8013F15845135C1F09D2A62715,198E9BB734FC3B
8D8013F12218C1F2C7182057DEA3,198E9E19A5D032
8D8013F1991420A4584412EAEB5E,198EA7A313FA36
8D8013F1991420A4584812A2B15E,198EC6424FE52E
8D8013F1EA13A858013C0858057D,198ECC386C7728
8D8013F1991420A4584812A2B15E,198EE377473A30
8D8013F1F82300020049BC05CD5E,198EF38F37062F
8D8013F15843F35BBB09CC0AF98B,198F07741D0D35
8D8013F1991420A4583C12389345,198F080C6EE232
8D8013F1EA13A858013C0858057D,198F1C50F3233A
8D8013F1991420A43840121D5925,198F207C997F2B
8D8013F15843F35B9F09CB870482,198F270B170A33
8D8013F1991420A4384C12550325,198F45AA789E3D
8D8013F15843F719F88BEF29B6B5,198F4A6F877037
8D8013F15843E719E08BEE550844,198F62DF46623B
8D8013F1991420A4385012FD8125,198F65DA521B2D
8D8013F1EA13A858013C0858057D,198F6B37EAEA35
8D8013F1E1021F0000000021B5E8,198F712DD4663A
8D8013F1991420A4385012FD8125,198F821789983E
8D8013F15843E719C48BEDD8CD7B,198F85120AA531
8D8013F1F82300020049BC05CD5E,198F99EEC4A82F
8D8013F1991420A43840121D5925,198FA24787472E
8D8013F1EA13A858013C0858057D,198FBA1F024E37
8D8013F1991420A4383812CF213E,198FC17F28AF32
8D8013F15843D719848BE903F83F,198FCA704A4326
8D8013F199141FA4183C110D143F,198FDB2046501E
8D8013F12218C1F2C7182057DEA3,198FDBB8E22F1D
8D8013F15843D35AEF09C220E41F,198FE542A4C232
8D8013F15843D35AD309C0E13331,1990077561B224
8D8013F1EA13A858013C0858057D,19900C39D1562B
8D8013F199141FA4184411DF6C24,1990178D713B30
8D8013F199141FA418401218B236,199034C1F37028
8D8013F1F82300020049BC05CD5E,199037BD072727
8D8013F15843C719128BE3288193,19904CD2B1334B
8D8013F199141FA4184011E75A24,199058BE8F272D
8D8013F15843C35A7509BBAF24A5,19906B392C532F
8D8013F199141FA418401218B236,1990712F17D32F
8D8013F15843B718D28BE00F2E8D,199092C9163834
8D8013F199141FA3F8401111284B,1990978DA5E724
8D8013F1EA13A858013C0858057D,1990ABD1ED4E30
8D8013F15843B35A3B09B80B29CB,1990AD02DA8634
8D8013F1E1021F0000000021B5E8,1990AF6577C92C
8D8013F15843B35A1909B7AA5D28,1990D3622B0030
8D8013F199141FA3F83811C35050,1990D52BA32F31
8D8013F1F82300020049BC05CD5E,1990D65D49B433
8D8013F15843B718788BDB2BE595,1990F55B7EB031
8D8013F1EA13A858013C0858057D,1990FAB8D3AF2B
8D8013F12218C1F2C7182057DEA3,199113FAEDEF36
8D8013F15843A718568BDAE39ADB,19911CEB97751E
8D8013F15843A359BB09B2ADEA04,19913987EEF336
8D8013F199141FA3D8281166F479,1991447C06972F
8D8013F1EA13A858013C0858057D,19914F366EDA2B
8D8013F15843A7181C8BD7E3D450,19915E1D4C522F
8D8013F199141FA3D82C115EC279,19915FE7171524
8D8013F1F82300020049BC05CD5E,19917392643131
8D8013F15843A718008BD5677F57,19917B52200236
8D8013F199141FA3D83011F64079,199185AD2FA02F
8D8013F158439717E48BD4A84384,19919D84D9D52F
8D8013F1EA13A858013C0858057D,1991A07FDB0E2F
8D8013F1584393594309AC6ACD73,1991C34B22C637
8D8013F199141EA3B82811AA7ACC,1991C5AD7CE52D
8D8013F199141EA3B82811AA7ACC,1991E675FC7232
8D8013F1EA13A858013C0858057D,1991F098197738
8D8013F1E1021F0000000021B5E8,1991FB52B9E125
8D8013F199141EA3B82811AA7ACC,1992034B9A9538
8D8013F1F82300020049BC05CD5E,1992178F8ECB37
8D8013F199141EA39830117FB2E5,19921EB6A92F2D
8D8013F1584387176C8BCE1CC56E,1992237B5D2F2B
8D8013F199141EA3982811EF06E5,19924050F1DC35
8D8013F1EA13A858013C0858057D,1992447D7AD835
8D8013F158438358C909A6EEFE90,199248108E6D3B
8D8013F199141DA39820119A75B7,19926080BF2530
8D8013F1584387172E8BCB725981,19926840F3422C
8D8013F199141DA3982811EA19B7,19928182B17837
8D8013F158438717128BC9B38EAF,19928BA45C3A3C
8D8013F1EA13A858013C0858057D,1992906998C334
8D8013F199141DA37830115F2D61,1992A37C05F240
8D8013F1584383586F09A192AFB6,1992AC6CED2D2E
8D8013F1F82300020049BC05CD5E,1992B0008BEB35
8D8013F199141DA3782C11F7AF61,1992C051928138
8D8013F1584383585109A0B73808,1992CE070DD03B
8D8013F199141CA3782811CC93AF,1992DA8B818930
8D8013F1EA13A858013C0858057D,1992DF508B3A3D
8D8013F1584383583B099FF337D9,1992E5DEB74A45
8D8013F199141CA378241184C9AF,1992F42D31C532
8D8013F158437716A28BC4FC2692,19930C3D9C393A
8D8013F199141CA3582411C1B586,1993152E717234
8D8013F15843735801099C0838D1,19932677958135
8D8013F1EA13A858013C0858057D,19932B3CB75E36
8D8013F199141CA3582411C1B586,19933394B0923D
8D8013F1E1021F0000000021B5E8,19934A74A4372E
8D8013F1584377166A8BC10DB45A,19934BA547B338
8D8013F199141CA33824110E31FD,19935829C37B31
8D8013F1584377164E8BC0806D7E,19936841FF7333
8D8013F199141CA33824110E31FD,199375F7477C38
8D8013F1EA13A858013C0858057D,199380EB07B934
8D8013F158437357A70998F86DCD,19938E0802FE38
8D8013F199141CA3382811466BFD,199398C2AD3B2B
8D8013F12218C1F2C7182057DEA3,19939B25091037
8D8013F199141CA33824110E31FD,1993B4C6788A2B
8D8013F1584363576F0995392389,1993CFD221FC26
8D8013F1EA13A858013C0858057D,1993D234763F25
8D8013F158436715DA8BBB31EDA4,1993EE388E4731
8D8013F1F82300020049BC05CD5E,1993F55F4F4035
8D8013F199141CA31824114B4DD4,1993F98B794330
8D8013F158436715C48BBA510633,19940CD77D1B33
8D8013F199141CA31828110317D4,19941BBE4BED30
8D8013F1EA13A858013C0858057D,199421B423D52D
8D8013F158436715A28BB8B267D5,19942F69BE2534
8D8013F199141CA3182011737BD4,199440EC0E7B34
8D8013F1584367158C8BB74AE03A,19944C3F312139
8D8013F158435715768BB6692F5F,19946416DEB22E
8D8013F1EA13A858013C0858057D,19947002AC1C14
8D8013F1584357155A8BB58A4868,199485187DE323
8D8013F199141CA2F828110D6A51,199488136FAC1C
8D8013F1E1021F0000000021B5E8,199488AC062C1F
8D8013F1F82300020049BC05CD5E,1994919CE10227
8D8013F1EA13A858013C0858057D,1994C0ECC14024
8D8013F199141BA2D82411097812,1994C3E7957E23
8D8013F158435715228BB209FA2F,1994C518B73327
8D8013F1584357150C8BB1F1359A,1994DD8903522B
8D8013F199141BA2D82411097812,1994E24E39F02B
8D8013F158435714F08BB0840B0A,199500ED02AE2D
8D8013F1EA13A858013C0858057D,19951104E1252D
8D8013F199141BA2B82011FECA69,199521B5667727
8D8013F1F82300020049BC05CD5E,199531CDA3A723
8D8013F199141BA2B82011FECA69,199548AD1D3936
8D8013F158434714A48BACD4E22E,19955793B8C62C
8D8013F1EA13A858013C0858057D,19955F53DB212D
8D8013F199141BA2B82411C6FC69,199567ABB38E1C
8D8013F158434714888BAB37BD2F,19957692701123
8D8013F199141BA2B82411C6FC69,199588AD57A259
8D8013F199141BA2982811CBDA40,1995A24F26D121
8D8013F1EA13A858013C0858057D,1995AF6BA81321
8D8013F1E1021F0000000021B5E8,1995C6E3CC6827
8D8013F199141BA2982811CBDA40,1995C77CDC6E27
8D8013F1F82300020049BC05CD5E,1995D105D5E52B
8D8013F158433714368BA794D4CF,1995D8C5AB0A21
8D8013F199141BA2782811EE5A96,1995E418DA6228
8D8013F1584333558B097E74CBF3,1995F267578D2C
8D8013F1EA13A858013C0858057D,1996048241BF35
8D8013F199141BA2782811EE5A96,199608AE35502E
8D8013F1584333556F097D99F233,1996153241082C
8D8013F12218C1F2C7182057DEA3,19961794A71E2A
8D8013F199141BA278241059F49F,19962AA78DA324
8D8013F1584333554F097BDCAA37,1996372C78BF29
8D8013F199141BA27820119E3696,19964E0B7FE033
8D8013F1EA11D858013C08DEFBF0,19965401691D1F
8D8013F158433713C48BA1A46E1F,19965E23866023
8D8013F199141BA25824101C88B6,1996667BAE3639
8D8013F158432355110978060909,19968187E66A24
8D8013F199141BA2582411E37CBF,19968A78F1D626
8D8013F1EA0C6858013C08D0EA4D,19969FED94F32D
8D8013F158432713888B9F46BC88,1996A38111C215
8D8013F199141BA258281054D2B6,1996ADA324C423
8D8013F1584327136C8B9D547141,1996C5B3EBBF2F
8D8013F199141BA2382410D30CCD,1996D2D0DB0D2D
8D8013F158432354BF0974C09F0A,1996DFEDE2961B
8D8013F1EA0E2858013C0807E1E0,1996EF6D394239
8D8013F199141BA2381C107DFCC4,1996F300C2B316
8D8013F1E1021F0000000021B5E8,1996F85E1F4420
8D8013F158432354A30973BBF832,199701885EF528
8D8013F1F82300020049BC05CD5E,19970B11976A29
8D8013F199141BA218181000B6ED,19971402677327
8D8013F158432354870972362116,1997211F63FF25
8D8013F1584323547109711DF444,1997398F9DFE2B
8D8013F1EA0DC858013C083E0696,1997451BEB3526
8D8013F199141BA218201151B2ED,19974CDB994A22
8D8013F158431712EA8B97E8E86E,19975EBDBE9A33
8D8013F199941BA21820103F819B,1997864DD47121
8D8013F1584313541F096DC17613,19979B2A275D1B
8D8013F1584317129A8B93FA1033,1997BB5A19C228
8D8013F158431353E9096A3969CE,1997DA91E53735
8D8013F1EA0DC858013C083E0696,1997E54D02D023
8D8013F1584317126A8B9102C8EE,1997F433B94826
8D8013F158431353B709682C9219,1998149C3E5216
8D8013F1E1021F0000000021B5E8,199830076F4922
8D8013F158430712388B8F7EC457,199830A02C1D1E
8D8013F1F82300020049BC05CD5E,199849496D8520
8D8013F1584307121E8B8EE8B5F1,1998523A388D37
8D8013F1999419A1D82010256F0D,19985CF4D67615
8D8013F158430353650964BA66CE,199871D19DF628
8D8013F1999419A1D8281055030D,199882BB3CF12A
8D8013F1EA0DC858013C083E0696,199885B6127729
8D8013F1584303534F09648A106D,19988EA750DA22
8D8013F12218C1F2C7182057DEA3,19989EBEE9BC25
8D8013F1999419A1B828109A8776,1998A1B9D76D19
8D8013F158430711CE8B8A2932DD,1998B0A0C86D26
8D8013F1999419A1B828109A8776,1998C5B6619126
8D8013F1EA0DC858013C083E0696,1998D23B3EC217
8D8013F1F82300020049BC05CD5E,1998E8E141E511
8D8013F15841F711988B88AE0686,1998EE3F3CAA2D
8D8013F15841F352DD095F8FD193,19991404EB3F23
8D8013F15841F7115E8B851DBFAC,199936972A9442
8D8013F1999418A19830104C4591,1999418B484222
8D8013F15841F7113E8B842DCFDE,19995D8EC55233
8D8013F1999418A19830104C4591,199962EC131E22
8D8013F1E1021F0000000021B5E8,19996849AA4722
8D8013F15841E35287095B9DF38D,199978F9E7161B
8D8013F1F82300020049BC05CD5E,199985B7737E1C
8D8013F1999418A1983811C3DD98,199986E883221D
8D8013F15841E711088B82A986AC,19999EC0292119
8D8013F1999418A1984010EE518A,1999A84A007525
8D8013F15841D710EE8B81251F9D,1999C0F301E628
8D8013F1EA0DC858013C083E0696,1999C18C3B3D35
8D8013F12218C1F2C7182057DEA3,1999E25467C91F
8D8013F15841D3521509561F52C1,199A03EE4C5D2E
8D8013F1999418A17844110C1355,199A0B156B9326
8D8013F1EA0DC858013C083E0696,199A110B3BF912
8D8013F15841C7109E8B7D029F84,199A1C5ECB0629
8D8013F1999418A1784810BBBD5C,199A25E7FA2318
8D8013F1F82300020049BC05CD5E,199A27B1A5E522
8D8013F15841C351E50954AB2109,199A37C996EA2C
8D8013F1999418A1784010CBD15C,199A46E99A4F2A
8D8013F15841C351C90953487E08,199A59642B071F
8D8013F1EA0DC858013C083E0696,199A5D8FFC2C21
8D8013F1999418A1784810BBBD5C,199A6A145C4D1C
8D8013F15841C351AF0951AB1FEE,199A7993DA092C
8D8013F1999418A1784410F3E75C,199A910BECFA2C
8D8013F15841B351930950066672,199A9A95F7541E
8D8013F1E1021F0000000021B5E8,199A9D9047CC2A
8D8013F1EA0DC858013C083E0696,199AAB4638B819
8D8013F1999418A1784010CBD15C,199AADA831AC18
8D8013F1F82300020049BC05CD5E,199ACBAEE2612F
8D8013F1999418A17844110C1355,199ACEA9D1C82E
8D8013F15841A3515D094E14D97A,199AD964C5C136
8D8013F15841A35149094D01247C,199AF39E843229
8D8013F1EA0DC858013C083E0696,199AF8FBD20E2A
8D8013F1999419A1784410F0ED92,199B048878DF27
8D8013F15841A70FD48B746D267A,199B11A51D3921
8D8013F1999418A1784410F3E75C,199B1E2979C11F
8D8013F15841A70FBA8B731F29AB,199B2E41F8EC29
8D8013F1999418A1784410F3E75C,199B36012DF82D
8D8013F1EA0DC858013C083E0696,199B49E5D85E20
8D8013F1999418A1784410F3E75C,199B566AA34F26
8D8013F1F82300020049BC05CD5E,199B6551434121
8D8013F158419350DD094884F189,199B713D141527
8D8013F1999418A1784410F3E75C,199B726E20102B
8D8013F1999418A1584410B69B75,199B90750E0D1D
8D8013F158419350C10947FFE6DD,199B936FDCFB31
8D8013F1EA0DC858013C083E0696,199B98CCF07D25
8D8013F1999418A1584410B69B75,199BA97D5D1729
8D8013F158418350A70946D3C3C9,199BB1D5BA9330
8D8013F15841870F368B6DCD3353,199BD23EABD53F
8D8013F1E1021F0000000021B5E8,199BDB2F8F271D
8D8013F1991418A15840101F6A0A,199BDF5C02592B
8D8013F1EA0DC858013C083E0696,199BE97DACED32
8D8013F15841870F168B6C77BB73,199BF438A5B72D
8D8013F1991418A15840101F6A0A,199C06EBB31D14
8D8013F1F82300020049BC05CD5E,199C0B1818F12C
8D8013F1991418A1584410275C0A,199C297E09F121
8D8013F15841770EE28B6A7A2266,199C34D1394931
8D8013F1584163501B0940215135,199C59FEF9281F
8D8013F12218C1F2C7182057DEA3,199C61BEAF5B19
8D8013F1991418A1584410275C0A,199C6B48C99433
8D8013F15841670EA68B67089B83,199C80F6916632
8D8013F1EA0DC858013C083E0696,199C8CE23F8014
8D8013F1991418A15840101F6A0A,199C8E137D0A16
8D8013F15841634FDF093D47C796,199CA1266DC11F
8D8013F1F82300020049BC05CD5E,199CADAAD7782F
8D8013F1991418A15840101F6A0A,199CAE43E49F32
8D8013F15841570E6C8B654C84CD,199CC522F7A733
8D8013F1991418A158400FE02A9A,199CD0767B3A1D
8D8013F1EA0DC858013C083E0696,199CDB30D52534
8D8013F1991418A15840101F6A0A,199CF00D72B749
8D8013F15841570E3E8B6300B420,199CFB60B02835
8D8013F1991418A158440FD81C9A,199D12D8D53A20
8D8013F15841470E288B623E515F,199D179D8A341F
8D8013F1E1021F0000000021B5E8,199D1836369D37
8D8013F1991418A1584410275C0A,199D327029CB33
8D8013F15841470E088B6184C564,199D3AC8709233
8D8013F1F82300020049BC05CD5E,199D54A2FDEC3C
8D8013F1991418A158440FD81C9A,199D55D41CF221
8D8013F15841434F3F09370372F7,199D61BFF8F226
8D8013F1991418A15840101F6A0A,199D7866697536
8D8013F1EA0DC858013C083E0696,199D78FEFDF236
8D8013F15841370DCE8B5ED90068,199D8523DC3A31
8D8013F1991417A158440FC97E80,199D9836BFD21C
8D8013F12218C1F2C7182057DEA3,199DA25939102B
8D8013F1991417A15840100E0810,199DBAC9388634
8D8013F15841370D9E8B5C8EA031,199DBB61AD5548
8D8013F1991417A138480F4EA0FB,199DD9689A1925
8D8013F15841234ED3093208DA01,199DDFF6CA7E1E
8D8013F1F82300020049BC05CD5E,199DF00ECECC1E
8D8013F1991417A1384410F9BA6B,199DF6049FAF3F
8D8013F15841270D6A8B5A71BD3E,199E00F869232D
8D8013F1991417A138400F3ECCFB,199E137310A02C
8D8013F15841234E9D0930C065C6,199E2128763426
8D8013F1991417A1384410F9BA6B,199E356C5F5E36
8D8013F15841134E7D092F4B50A0,199E4787880F36
8D8013F1991417A138440F06FAFB,199E553CF0CF24
8D8013F15841134E63092E2BBB37,199E6685F24334
8D8013F1EA0DC858013C083E0696,199E6A197E2517
8D8013F1991417A138440F06FAFB,199E7140E4E435
8D8013F15841134E4D092DD37482,199E835B71D236
8D8013F1F82300020049BC05CD5E,199E95D5E0D936
8D8013F15841070CE28B55401F40,199EA2F2BDE726
8D8013F1991417A138400F3ECCFB,199EB4D480082D
8D8013F1EA0DC858013C083E0696,199EBACA79242F
8D8013F15841070CC28B53054744,199ECA8352F133
8D8013F1991417A138400F3ECCFB,199ED2DB12391F
8D8013F12218C1F2C7182057DEA3,199EEAB2AE741C
8D8013F15841034DF30929AF80BB,199EEB4BA55421
8D8013F1EA0DC858013C083E0696,199F0CE5765116
8D8013F1583FF34DD709281D0AFF,199F0FE06FF831
8D8013F1991417A138440F06FAFB,199F153DC98C25
8D8013F1991417A138440F06FAFB,199F30A8F0802D
8D8013F1F82300020049BC05CD5E,199F33A3E3FE15
8D8013F1583FF70C588B4F78F691,199F4C4D3B202E
8D8013F1EA0DC858013C083E0696,199F5C65834C35
8D8013F1583FE34D8D0925F0AC84,199F6556551B25
8D8013F1583FE70C288B4D5A8601,199F8526623933
8D8013F1E1021F0000000021B5E8,199F88B9F48436
8D8013F1991417A15848107E6410,199F8B1C757526
8D8013F1583FE70C148B4C64B93D,199F9EC7CD1013
8D8013F1991416A158480F822E4E,199FA982761532
8D8013F1EA0DC858013C083E0696,199FAB4C9B1E26
8D8013F1583FD34D410922678673,199FC3F5A69135
8D8013F1991416A158440FCA744E,199FCF48EF0F1B
8D8013F1583FD70BD88B4ADF957A,199FE38CD7BC21
8D8013F1991416A178440F8F0867,199FF0A9E0BC34
8D8013F1EA0DC858013C083E0696,199FF8698D5A35
8D8013F1583FD70BC48B49A4CA74,19A000FAFF3031
8D8013F1991416A178400FB73E67,19A01112E0941F
8D8013F1583FC70BA88B48FDE5EA,19A01CFF25512E
8D8013F12218C1F2C7182057DEA3,19A02B4D4A2A3A
8D8013F1991416A178440F8F0867,19A02D169DF938
8D8013F1583FC34CDB091E3FF4C5,19A039029CB43C
8D8013F1991416A178440F8F0867,19A04B1D61C922
8D8013F1EA0DC858013C083E0696,19A04BB6553E26
8D8013F1583FC70B7A8B465BA1C6,19A05709203E26
8D8013F1991416A198400F92BEB1,19A06BE5E0AA3E
8D8013F1F82300020049BC05CD5E,19A076A0970D2E
8D8013F1991416A198440FAA88B1,19A08E18922033
8D8013F1EA0DC858013C083E0696,19A09CFF5C1047
8D8013F1991417A1B8480FA4A456,19A0AC7EBABB41
8D8013F1583FB70B248B4322CC95,19A0BA34CBB23B
8D8013F1E1021F0000000021B5E8,19A0C0FBDF8D2E
8D8013F1991417A1B8480FA4A456,19A0CBB67AA82D
8D8013F1583FA70B088B42F11B59,19A0DE30E64437
8D8013F1991417A1B84C0F9C9256,19A0EB4E2FE741
8D8013F1EA0DC858013C083E0696,19A0EE4925E533
8D8013F1583FA70AEE8B412C7748,19A0FB65C1F347
8D8013F1991417A1B84C0F9C9256,19A10EB1C3D72D
8D8013F1F82300020049BC05CD5E,19A113773ED03E
8D8013F1583F934C170916F4943A,19A121C4BBB22F
8D8013F1991417A1D8440F237A2D,19A12E499A1B3F
8D8013F1583F970AB88B3EFBC5EC,19A140FC9DBD3F
8D8013F1EA0DC858013C083E0696,19A14195737845
8D8013F1991417A1D8440F237A2D,19A14EB221583A
8D8013F1583F934BE50914C416DC,19A15A05545A2B
8D8013F12218C1F2C7182057DEA3,19A16689B8732F
8D8013F1991418A1D8440F321837,19A16DB0DAD63B
8D8013F1583F870A828B3C2647A4,19A17B66896939
8D8013F1991418A1D8440F321837,19A18FE3A5712C
8D8013F1EA0DC858013C083E0696,19A1907CDD522F
8D8013F1583F834BA90911D87D5D,19A19F634A7C3C
8D8013F1991418A1F8480F3F3E1E,19A1B1DD510540
8D8013F1991418A1F8480F3F3E1E,19A1D4100EB030
8D8013F1EA0DC858013C083E0696,19A1DC68D3EE3E
8D8013F1583F734B73090FF9AE08,19A1E12D0C272D
8D8013F1991418A1F8480F3F3E1E,19A1EF7B3EAD3E
8D8013F1E1021F0000000021B5E8,19A1F1DD9D6F40
8D8013F1991419A218440ED21DFA,19A21410659A3A
8D8013F1583F7709F68B369668E0,19A2238FB61C2D
8D8013F1EA0DC858013C083E0696,19A228ED142431
8D8013F1991419A218440F2DE9F3,19A236A2A20044
8D8013F1583F634B1F090B5F4DA9,19A242C7958743
8D8013F1F82300020049BC05CD5E,19A2507DAB9E3F
8D8013F1991419A218440ED21DFA,19A252DF75B230
8D8013F1583F634B05090A08F73A,19A25F64414F2F
8D8013F1991419A218400F15DFF3,19A27276D73440
8D8013F1EA0DC858013C083E0696,19A27571CCB53E
8D8013F1583F6709A68B330EB47D,19A286F426813A
8D8013F1991419A218400F15DFF3,19A28FE4E11E39
8D8013F1583F5709848B310189ED,19A2A98645EA24
8D8013F1991419A238400F50A3DA,19A2AA1EF34D3D
8D8013F1EA0DC858013C083E0696,19A2C5C3244A2D
8D8013F1583F57096A8B3099A6BC,19A2CA885BE23D
8D8013F1991419A238440F6895DA,19A2CFE5322C2B
8D8013F1583F534A9109058D4EB8,19A2E72472022E
8D8013F1F82300020049BC05CD5E,19A2F0ADD6682B
8D8013F1991419A238400F50A3DA,19A2F1DEECA43B
8D8013F1583F434A7B0904129C0D,19A303F9BF654D
8D8013F1991419A238400F50A3DA,19A30EB4656C36
8D8013F1EA0DC858013C083E0696,19A313796FD949
8D8013F1583F4709228B2DB20C8D,19A31D028E2E25
8D8013F1991419A258440E58E5A8,19A32C81E9FA41
8D8013F1583F47090E8B2C5177A1,19A336A3EA6E41
8D8013F1E1021F0000000021B5E8,19A342304E0C32
8D8013F1991419A258440FA711A1,19A34B218E3424
8D8013F1583F4708F88B2B516796,19A352E0DFC236
8D8013F1EA0DC858013C083E0696,19A3612F320532
8D8013F1991419A258440E58E5A8,19A36BE9A4C744
8D8013F1583F3708DC8B2A4FF812,19A36EE49DF241
8D8013F1F82300020049BC05CD5E,19A3924891D450
8D8013F1583F3708AA8B2871DDE4,19A3A8EF021948
8D8013F1EA0DC858013C083E0696,19A3ADB3C86844
8D8013F1583F2349B708FCFFA76F,19A3DFFE6D154D
8D8013F12218C1F2C7182057DEA3,19A3F6A4ECBB3C
8D8013F1EA0DC858013C083E0696,19A3FA38CCA93C
8D8013F1583F13498108F9E55FCF,19A41F667C1C41
8D8013F1F82300020049BC05CD5E,19A434435EB62B
8D8013F1583F1708288B22E1447C,19A4465DA0EF3C
8D8013F1EA0DC858013C083E0696,19A44B22815E4A
8D8013F1583F0708068B20D6D320,19A468F0007E4B
8D8013F1583F03492708F5563A77,19A48827B80E33
8D8013F1EA0DC858013C083E0696,19A4970EF4403C
8D8013F1583F03490B08F4B5415B,19A4A68DE29C46
8D8013F1583F0707B48B1D323625,19A4CB231C1836
8D8013F1F82300020049BC05CD5E,19A4D1B1905C44
8D8013F1EA0DC858013C083E0696,19A4E858574C45
8D8013F1583DF707988B1BD2F0A9,19A4E8F0D22641
8D8013F1583DE3489508EFD81EF9,19A52B539B5A42
8D8013F12218C1F2C7182057DEA3,19A52BEBE32E40
8D8013F1EA0DC858013C083E0696,19A539A1952C38
8D8013F1991419A2B8480FCACB77,19A54D865C222C
8D8013F1583DE3487908EE5B992A,19A54F4FEFB936
8D8013F1F82300020049BC05CD5E,19A56BEC259639
8D8013F1583DE707248B17C9DB8B,19A56E4ED9CC31
8D8013F1991418A2D8400E89DDCB,19A58E1EF55245
8D8013F1EA0DC858013C083E0696,19A58F501E993B
8D8013F1583DD3483B08EB64F0E5,19A595460B803D
8D8013F1991416A2F8440EE6FF36,19A5AEE7795437
8D8013F1583DD706EE8B15A63996,19A5B0B1375638
8D8013F1991416A2F8400EDEC936,19A5CD871FFF4B
8D8013F1E1021F0000000021B5E8,19A5D7A8BC8945
8D8013F1583DD706CC8B14071934,19A5D841586849
8D8013F1EA0DC858013C083E0696,19A5DC6DC7C14B
8D8013F1991412A2F8440EEAD40E,19A5E7281B8222
8D8013F1583DC347E708E9C3E7D5,19A5F27B4C9024
8D8013F1F82300020049BC05CD5E,19A609F3724D20
8D8013F1991412A2F8440EEAD40E,19A60EB825534B
8D8013F1583DC347CB08E8209CF9,19A6137D402B4E
8D8013F1583DC347B308E7A35ED2,19A62C85B0A718
8D8013F199140EA318480E882223,19A631E30E3212
8D8013F1991409A318440EC94C49,19A65547091945
8D8013F1583DB706468B11C4316C,19A66E5043102C
8D8013F12218C1F2C7182057DEA3,19A6701985894A
8D8013F1EA0DC858013C083E0696,19A67B6CE28952
8D8013F1991403A3384C0EE21F8C,19A69973C9BF57
8D8013F1F82300020049BC05CD5E,19A6A6906D2F50
8D8013F1583DA3474308E7F87054,19A6AB5580A527
8D8013F1991403A338480EDA298C,19A6BA3C713727
8D8013F1EA0DC858013C083E0696,19A6CEB9325E2D
8D8013F1583DA705F28B11CDF7E9,19A6D24CB0E24A
8D8013F1991005A338440EB33D72,19A6DE387D5245
8D8013F1583DA3470908E707828C,19A6EBEE31B22B
8D8013F1991005A338440EB33D72,19A705301C5626
8D8013F1E1021F0000000021B5E8,19A7124CFF8E43
8D8013F1EA0DC858013C083E0696,19A71E38CA2A41
8D8013F1991009A338440EA7403A,19A724C7565A35
8D8013F1583D97059E8B12F59DAC,19A72E513ADD2D
8D8013F1991009A338400E9F763A,19A7482B4DE62A
8D8013F1F82300020049BC05CD5E,19A7495C75B637
8D8013F1583D9346B508E9561126,19A74E211D041C
8D8013F199100DA358380E8EA162,19A7609B7DB379
8D8013F1EA0DC858013C083E0696,19A76D1FE81635
8D8013F199100DA358300EFECD62,19A782CE5FEE34
8D8013F1583D83468108EA363CE9,19A787936E041E
8D8013F1991010A358380EA97A04,19A7A1346E7929
8D8013F1583D87053A8B15A2C8E8,19A7A42F46DD26
8D8013F12218C1F2C7182057DEA3,19A7A72A558422
8D8013F1EA0DC858013C083E0696,19A7C104DC842F
8D8013F1583D87051E8B162F0DD7,19A7C6FAAF0D30
8D8013F1991010A3583C0E914C04,19A7C82BF13B2A
8D8013F1991012A358380EAF6F98,19A7E2FE83362E
8D8013F1583D7704FC8B172CF970,19A7E85C756027
8D8013F1F82300020049BC05CD5E,19A7E98D06CB29
8D8013F1991012A3583C0E975998,19A805314A1828
8D8013F1EA0DC858013C083E0696,19A81084D28D23
8D8013F1991014A358400E772927,19A822FED1461E
8D8013F1583D7704C48B1825C309,19A82A25DA452C
8D8013F1583D7704A88B194C4077,19A84A8F435634
8D8013F1991014A3583C0E9D673C,19A84B2795B932
8D8013F1E1021F0000000021B5E8,19A8541891F233
8D8013F1991015A3583C0E9E6DF2,19A8698DA81C26
8D8013F1F82300020049BC05CD5E,19A88BC072F625
8D8013F1991015A358440DB3FDFB,19A8911DC35218
8D8013F1583D53458108F2C227C1,19A8A72B8FAA28
8D8013F1991015A358440DB3FDFB,19A8AB580E261B
8D8013F1EA0DC858013C083E0696,19A8AF83E5A425
8D8013F1991016A378400DCBA880,19A8D1B6CC1425
8D8013F12218C1F2C7182057DEA3,19A8DF6C8FA725
8D8013F1583D5704228B1E4DC7B4,19A8E4C97CA529
8D8013F1991016A378440E0C7692,19A8F3B05B1729
8D8013F1EA0DC858013C083E0696,19A90532910F29
8D8013F1583D53452B08F5E785EB,19A908C612C030
8D8013F1991016A378440DF39E80,19A91B40716B31
8D8013F1583D43450F08F65AEC34,19A927C4D0D136
8D8013F1991016A378400E344092,19A937DCDF9E34
8D8013F1583D4703C88B21009291,19A94BC15C2D2C
8D8013F1EA0DC858013C083E0696,19A9524FDD232A
8D8013F1991016A378440DF39E80,19A95C725DC42D
8D8013F1583D3344D508F82AB1E3,19A967C5213335
8D8013F1991016A378440DF39E80,19A979A6D9CE27
8D8013F1583D3703908B24550644,19A98B292AD02E
8D8013F1E1021F0000000021B5E8,19A99A0FD2922E
8D8013F1991016A398400DEE2856,19A99BD9FA0C29
8D8013F1991016A398440E29F644,19A9C1A046582A
8D8013F1F82300020049BC05CD5E,19A9CA917C7E33
8D8013F1583D23447908FCECAEBD,19A9CF557DC832
8D8013F1991016A398480D9E4456,19A9E13738C42E
8D8013F1583D23445D08FD617799,19A9ED2342F918
8D8013F1EA0DC858013C083E0696,19A9EDBC119024
8D8013F1991016A398440E29F644,19AA006F2DDA27
8D8013F1991016A398440DD61E56,19AA21D032B135
8D8013F12218C1F2C7182057DEA3,19AA2694E66329
8D8013F1583D13442308FF600547,19AA2D235B532F
8D8013F1EA0DC858013C083E0696,19AA42D1CE882D
8D8013F1991016A398480E61AC44,19AA46654E1528
8D8013F1991016A3B8440D93627F,19AA6695298734
8D8013F1583D1343E90901ADFC82,19AA6BF27FEE2A
8D8013F1F82300020049BC05CD5E,19AA6C8B22E12B
8D8013F1991016A3B8440E6C8A6D,19AA89F92A1B2B
8D8013F1583D0343CD090210955D,19AA8FEF13972D
8D8013F1EA0DC858013C083E0696,19AA90882CE334
8D8013F1583D0702928B2DCB22D0,19AAA8F7EAEB37
8D8013F1991016A3B8400DAB547F,19AAAAC2679A41
8D8013F1583D07027A8B2E7FE81C,19AAC6FE7ED229
8D8013F1991016A3B8400E54BC6D,19AACC5BCD783B
8D8013F1E1021F0000000021B5E8,19AADB429A5634
8D8013F1EA0DC858013C083E0696,19AADE3D98D038
8D8013F1991016A3B8480DDB387F,19AAE433E4333E
8D8013F1991016A3B8400E54BC6D,19AB0A92FB3E30
8D8013F1583BF343590906C7A10C,19AB0EBE83E131
8D8013F1F82300020049BC05CD5E,19AB0F5785403B
8D8013F1991016A3B8400DAB547F,19AB24CC75153A
8D8013F1583BF343430907901B9F,19AB272EBCA73E
8D8013F1EA0DC858013C083E0696,19AB2C8C0FB23E
8D8013F1583BE343250908BC6ACA,19AB4961875233
8D8013F1583BE701EC8B3300BB67,19AB639BBF0A32
8D8013F1991016A3D83C0D8E9E1F,19AB6696780034
8D8013F12218C1F2C7182057DEA3,19AB6F87909B2A
8D8013F1EA0DC858013C083E0696,19AB823AC83D32
8D8013F1583BE342EB090AB52CF3,19AB88C9A11733
8D8013F1991016A3D83C0D8E9E1F,19AB8C5CD1F82F
8D8013F1583BE701AE8B3591CF9A,19ABAA2A952540
8D8013F1991016A3D83C0D8E9E1F,19ABAAC39B383D
8D8013F1583BD342B1090CC64B36,19ABC9FACC0332
8D8013F1991016A3D83C0D8E9E1F,19ABCEBFD5F329
8D8013F1EA0DC858013C083E0696,19ABCF5813C432
8D8013F1583BD3428F090E1C349A,19ABEC8D165431
8D8013F1EA0DC858013C083E0696,19AC1D0E05E923
8D8013F1E1021F0000000021B5E8,19AC1F70B0D82C
8D8013F1583BC701368B3A56D4A7,19AC2E576ED13D
8D8013F1991017A3D8440D5FECCA,19AC2EEFBF0126
8D8013F1991017A3D8440D5FECCA,19AC4BC52F7D3C
8D8013F1F82300020049BC05CD5E,19AC5253A2783C
8D8013F1991017A3F8400D22A6E3,19AC639CD5BA3B
8D8013F1583BC701048B3B2AB015,19AC6861DDF536
8D8013F1EA0DC858013C083E0696,19AC6E57EE4236
8D8013F1583BB700E68B3DAC079F,19AC8BC5935737
8D8013F1991017A3F8480D52CAE3,19ACA567398135
8D8013F12218C1F2C7182057DEA3,19ACA5FF8FCC37
8D8013F1583BB700CA8B3E4F60A8,19ACAA2BAE0736
8D8013F1EA0DC858013C083E0696,19ACC072AC8130
8D8013F1583BB700B48B3E1FFB4D,19ACC701116435
8D8013F1583BA700928B4044244B,19ACE993B34A2F
8D8013F1F82300020049BC05CD5E,19ACF4E6BA992C
8D8013F1583BA341910917930EEC,19AD083282DF32
8D8013F1EA0DC858013C083E0696,19AD0D90379233
8D8013F1583BA3417309185286F0,19AD2567D34132
8D8013F1991017A3F8400D22A6E3,19AD3749917A2F
8D8013F1991018A418400DC5B696,19AD5719A81E2E
8D8013F1EA0DC858013C083E0696,19AD5AAD25A824
8D8013F1E1021F0000000021B5E8,19AD613BB0DF2F
8D8013F1991018A418400DC5B696,19AD761872C22C
8D8013F1583B9700088B45A85763,19AD853849F751
8D8013F1991018A418400DC5B696,19AD9AAD86273D
8D8013F1583B8340FF091D5419FD,19ADA600BD7E3A
8D8013F1EA0DC858013C083E0696,19ADA8FBC1A63A
8D8013F1991018A4183C0D2FF88D,19ADB5802BD936
8D8013F1583B86FFCA8B48ADE7EF,19ADCB2E948E27
8D8013F1991018A4183C0D2FF88D,19ADD84B851535
8D8013F12218C1F2C7182057DEA3,19ADE699A29B31
8D8013F1991018A4183C0D2FF88D,19ADF1ECEBA644
8D8013F1EA0DC858013C083E0696,19ADF7E2D1E62D
8D8013F1583B73408B092266DC1B,19AE2699F0BB3A
8D8013F1991018A418400DC5B696,19AE36B1EA0D33
8D8013F1F82300020049BC05CD5E,19AE39145A632F
8D8013F1EA0DC858013C083E0696,19AE4CF8D6854A
8D8013F1583B7340670923E55BC8,19AE4E2A0EA136
8D8013F1991018A4183C0CD00C84,19AE5DA99AF338
8D8013F1583B63404B092436A829,19AE6D28C79243
8D8013F1991018A418400DC5B696,19AE810DD59336
8D8013F1583B63402709255F2B57,19AE93880BB838
8D8013F1991018A438400D80CABF,19AEA307177038
8D8013F1E1021F0000000021B5E8,19AEA601FA1545
8D8013F1583B63400909275810EB,19AEB1558F3C3C
8D8013F1991018A438440DB8FCBF,19AEC539E96E59
8D8013F1F82300020049BC05CD5E,19AED551C5E13F
8D8013F1583B56FED88B51371EFA,19AED683A48D41
8D8013F1EA0DC858013C083E0696,19AEEB60030344
8D8013F1991018A438440DB8FCBF,19AF010E237439
8D8013F1583B56FE988B54422A97,19AF1D11F2AC3B
8D8013F12218C1F2C7182057DEA3,19AF1F7479F54A
8D8013F1991018A438440C4708B6,19AF20A5473248
8D8013F1991018A438440DB8FCBF,19AF3915918C3D
8D8013F1EA0DC858013C083E0696,19AF39AE29B237
8D8013F1583B46FE7C8B559FA3AC,19AF410E64563C
8D8013F1991018A438440C4708B6,19AF5E437F503E
8D8013F1583B433F6D092D728BC8,19AF600D03752E
8D8013F1F82300020049BC05CD5E,19AF73B895A935
8D8013F1583B433F55092E7BF9EB,19AF787D4F1740
8D8013F1EA0DC858013C083E0696,19AF8A989E5B47
8D8013F1583B333F37092FC367BB,19AF9AB00A8033
8D8013F1583B333F1B093020A80E,19AFB916292838
8D8013F1991018A458400D4F4EC4,19AFBB78D87C3A
8D8013F1991018A458440C888CCD,19AFDAB0652338
8D8013F1EA0DC858013C083E0696,19AFDB49074C2E
8D8013F1E1021F0000000021B5E8,19AFE9973E7534
8D8013F1991018A458480D3F22C4,19AFF45245B72B
8D8013F1583B26FDD08B5BB691D0,19AFFAE05A473A
8D8013F1F82300020049BC05CD5E,19B00FF630E13C
8D8013F1991018A458400CB0BACD,19B014BAD05F3B
8D8013F1583B26FDB28B5D629904,19B01D1317A42E
8D8013F1583B16FD968B5EBEA91B,19B03AE09F8D3A
8D8013F1991018A458480CC0D6CD,19B05258CA2C3D
8D8013F1583B16FD748B5F7F7546,19B0627106622D
8D8013F12218C1F2C7182057DEA3,19B0656BF8B731
8D8013F1991018A458440C888CCD,19B071F00AC830
8D8013F1EA0DC858013C083E0696,19B07917207933
8D8013F1583B16FD568B60DF20CD,19B0853C157631
8D8013F1991018A458440D7778C4,19B08EC57E703B
8D8013F1583B06FD348B61C454DD,19B0A8673EBA42
8D8013F1991017A458440C99EED7,19B0B0BF465638
8D8013F1F82300020049BC05CD5E,19B0B321A3E030
8D8013F1583B06FD1C8B621062EE,19B0C706482B22
8D8013F1EA0DC858013C083E0696,19B0CA9A3CD93B
8D8013F1583B06FCFA8B6432C2C0,19B0E8FFD52A27
8D8013F1991017A4583C0C4B96CC,19B0EE5DA7592C
8D8013F15839F33DE3093C4CE498,19B10F5EB20B37
8D8013F1991017A458400CA1D8D7,19B1142374914A
8D8013F15839F33DC1093DEDC43A,19B1328997022E
8D8013F1E1021F0000000021B5E8,19B13453B7F441
8D8013F1991017A458440C99EED7,19B136B5EB8030
8D8013F15839F33DA3093EC600D1,19B1538B8F0237
8D8013F1F82300020049BC05CD5E,19B15A19B27736
8D8013F1991017A458440C99EED7,19B15DAD450038
8D8013F15839E33D8509409DDFD7,19B173BB2D6B32
8D8013F1991017A458440C99EED7,19B179187EEF29
8D8013F15839E33D6909411E5804,19B195553D2636
8D8013F1991017A458440C99EED7,19B19EDEBCD437
8D8013F12218C1F2C7182057DEA3,19B1AD2CEC2D2F
8D8013F15839E33D4B0942BF64BD,19B1B322E21D31
8D8013F1EA0DC858013C083E0696,19B1B918D3A739
8D8013F1991017A458400CA1D8D7,19B1C111A05729
8D8013F15839D6FC248B6C506589,19B1D8E9281032
8D8013F1991017A458400CA1D8D7,19B1DEDF1E3E35
8D8013F15839D33D0B0944644DE2,19B1F8806E0B26
8D8013F1F82300020049BC05CD5E,19B1F9191ED92A
8D8013F1991017A458400CA1D8D7,19B2040CBCE82D
8D8013F1EA0DC858013C083E0696,19B20B33F44A29
8D8013F15839D6FBEC8B6E8DD5DC,19B217B848D248
8D8013F1991017A438400C6E5CAC,19B21C7D7E2735
8D8013F1991017A4383C0C8412B7,19B237E830D61B
8D8013F15839C33CCF094628ADB1,19B2391960B425
8D8013F1991017A438400C6E5CAC,19B25982AFA636
8D8013F1EA0DC858013C083E0696,19B25AB385EB31
8D8013F15839C6FBAC8B703735F7,19B25DAE968631
8D8013F1E1021F0000000021B5E8,19B27028E1E827
8D8013F1991017A438400C6E5CAC,19B279B2547726
8D8013F15839C33C8F09495DF5AB,19B28243BF292F
8D8013F1F82300020049BC05CD5E,19B29A1BAD3D4A
8D8013F1991017A438380CBC24B7,19B29AB3F1D42E
8D8013F15839B33C73094A906CD3,19B2A142688930
8D8013F1EA0DC858013C083E0696,19B2A99AC87633
8D8013F1991017A438380CBC24B7,19B2C112E82824
8D8013F15839B6FB508B74057CAB,19B2C6702B462B
8D8013F1991017A4183C0CC16E9E,19B2D98355E936
8D8013F15839B6FB348B75025DDD,19B2E3A51D7A37
8D8013F12218C1F2C7182057DEA3,19B2E9027B342B
8D8013F1991017A4183C0CC16E9E,19B2F3BD042E32
8D8013F15839A6FB1C8B76E6C70E,19B2FB7CAC3832
8D8013F15839A33BFD094EDB559F,19B321DBA0992F
8D8013F1991018A418380CE83A84,19B32E6080A820
8D8013F1F82300020049BC05CD5E,19B333BD76ED28
8D8013F15839A6FAE48B785B08D2,19B3407AFCFC25
8D8013F1EA0DC858013C083E0696,19B34D9827EC32
8D8013F1991018A4183C0CD00C84,19B3512B6D4F36
8D8013F15839A33BC30951FE76B8,19B361434E3633
8D8013F1991018A4183C0CD00C84,19B3715BA3D034
8D8013F15839933BA70952A8BEF5,19B38244E3C336
8D8013F1991018A4183C0CD00C84,19B3938E6F1839
8D8013F1EA0DC858013C083E0696,19B39B4DD43D30
8D8013F1583996FA888B7C9CB2B3,19B3A3A632362E
8D8013F1E1021F0000000021B5E8,19B3BA4CD67B28
8D8013F1583996FA6C8B7D719768,19B3C5D8F1D52B
8D8013F1991018A3F8400CCC30F0,19B3D25D51C730
8D8013F1F82300020049BC05CD5E,19B3D853333534
8D8013F15839833B490956FFF17B,19B3E570682737
8D8013F1EA0DC858013C083E0696,19B3EB6685A337
8D8013F1991018A3F8400CCC30F0,19B3F457354430
8D8013F15839833B2D0957F8D00D,19B4083B740E22
8D8013F12218C1F2C7182057DEA3,19B4328D6E2A35
8D8013F1991018A3F8440CF406F0,19B434EFC8872C
8D8013F1EA0DC858013C083E0696,19B44114BBFE37
8D8013F15839733AF30959C54FD7,19B4496CF0F338
8D8013F1991018A3F8440B0BD6D4,19B45A1D7F3E37
8D8013F15839733ADB095A1179E4,19B461DD2F9539
8D8013F1F82300020049BC05CD5E,19B474F2FB4110
8D8013F15839733AC5095B719273,19B479B4D73A33
8D8013F1EA0DC858013C083E0696,19B48D00D7A73A
8D8013F15839633AA7095C6AC24E,19B49AB660A234
8D8013F1991018A3F8480B438CD4,19B4A144E10B37
8D8013F1583966F98C8B863BF954,19B4BB7EEF5231
8D8013F1991018A3F8480CBC5CF0,19B4C54167082B
8D8013F15839533A6D095E2EDD00,19B4DAB6AD4B27
8D8013F1EA0DC858013C083E0696,19B4DC80DCD32C
8D8013F1E1021F0000000021B5E8,19B4F4587E7D28
8D8013F1991019A3F8440CF70C3E,19B4FB7F48FC28
8D8013F1583956F93C8B89E790A8,19B5168B41872E
8D8013F1F82300020049BC05CD5E,19B519863EC830
8D8013F1EA0DC858013C083E0696,19B5290541782E
8D8013F1583956F9268B8AB03620,19B530C4F28B27
8D8013F1991019A3F8480CBF563E,19B53AE6F90A2C
8D8013F1583946F90A8B8B63E1EC,19B551C6973B29
8D8013F158394339E70964FC352D,19B56D31AE8029
8D8013F1EA0DC858013C083E0696,19B5758A0D731D
8D8013F12218C1F2C7182057DEA3,19B57B7FE65520
8D8013F1991019A3D8440CB27017,19B585426EE32A
8D8013F1583946F8D08B8D808AF7,19B59095F62037
8D8013F1991019A3D8480B05FA33,19B5A1DEC63331
8D8013F1583936F8B48B8E14F13A,19B5B0C59C0A36
8D8013F1991019A3D8400C8A4617,19B5BB8035AD2E
8D8013F1F82300020049BC05CD5E,19B5C07E09FD4A
8D8013F15839333991096851023A,19B5CFFD5B792B
8D8013F1583936F87C8B91E5EF5D,19B5EE63DA911F
8D8013F1991019A3D8400C8A4617,19B601176DC02D
8D8013F1583926F8648B92994DB7,19B60C6A2E0334
8D8013F1EA0DC858013C083E0696,19B61B50E57545
8D8013F1E1021F0000000021B5E8,19B632900B6A32
8D8013F1583926F8268B9408394A,19B6512F2CC836
8D8013F1F82300020049BC05CD5E,19B65F7DB7223C
8D8013F1991019A3D83C0B9FD828,19B666A473B635
8D8013F158391338FB096EA10C75,19B673C18D8F1D
8D8013F1991019A3D83C0C60080C,19B68379E6B227
8D8013F1583916F7E88B97F76F21,19B697257DC84B
8D8013F1991018A3D8440B4EAAFD,19B6A311419C35
8D8013F1EA0DC858013C083E0696,19B6B624505B2B
8D8013F12218C1F2C7182057DEA3,19B6B755B5723C
8D8013F158391338BB09702B40BE,19B6B91F1CC831
8D8013F1583903389F097196357A,19B6DB51E01136
8D8013F1991018A3B8400BB91886,19B6EB6A303D36
8D8013F1583906F7928B9A5FB573,19B6F58BE77327
8D8013F1F82300020049BC05CD5E,19B6F7EE4FBB33
8D8013F1EA0DC858013C083E0696,19B707A7094E3A
8D8013F1991018A3B8440B812E86,19B70FFEF44933
8D8013F1583906F7768B9BB290A8,19B717263F3336
8D8013F1991018A3B8440B812E86,19B72C9B6F003A
8D8013F15837F6F75A8B9D2FC6CA,19B736BDDD512F
8D8013F1991018A3B8440B812E86,19B74C6BCA0030
8D8013F15837F338310976053B3E,19B75393352434
8D8013F1EA0DC858013C083E0696,19B757BF09372F
8D8013F1991018A3B8440B812E86,19B76575469D2D
8D8013F1E1021F0000000021B5E8,19B76A39691B21
8D8013F15837F6F7228B9F53B8B2,19B7745BCE252A
8D8013F1991018A3B8440B812E86,19B78544F1582D
8D8013F15837E6F7048BA0F410DD,19B798F079F636
8D8013F1F82300020049BC05CD5E,19B79BEB70B038
8D8013F1991018A3B8440B812E86,19B79EE668162D
8D8013F1EA0DC858013C083E0696,19B7A87036715A
8D8013F15837E6F6EE8BA17093DB,19B7B0C849E42D
8D8013F1991018A3B8440B812E86,19B7C414159530
8D8013F15837E337BD097AF5C40D,19B7D55D382D27
8D8013F1991018A3B8440B812E86,19B7E3AB6ECA31
8D8013F15837D6F6B68BA31864AA,19B7F030081B28
8D8013F1EA0DC858013C083E0696,19B7F625F1D629
8D8013F12218C1F2C7182057DEA3,19B7F7EF9AE82E
8D8013F1991018A3B8440B812E86,19B80119A6D832
8D8013F1991017A3B8440B904C9C,19B81D1D365628
8D8013F15837D6F6828BA5B729BA,19B82A3A6EB426
8D8013F1991017A3B8400BA87A9C,19B83921088B27
8D8013F1F82300020049BC05CD5E,19B8437C324824
8D8013F15837C6F6668BA66ABC9A,19B84AA430A32D
8D8013F1EA0DC858013C083E0696,19B84BD46BA22C
8D8013F1991017A3B8400BA87A9C,19B85727A30926
8D8013F15837C3373909804C00DB,19B867D8344221
8D8013F15837C6F62E8BA88EB281,19B88BD525AB32
8D8013F1991017A3B8400BA87A9C,19B89B540DAF35
8D8013F1EA0DC858013C083E0696,19B89C85A06E32
8D8013F15837B6F6188BA956C197,19B8A444FBCF26
8D8013F1E1021F0000000021B5E8,19B8B3C45A8A32
8D8013F15837B6F5F68BAB4D0121,19B8CAA4A9002B
8D8013F1991017A3B8400BA87A9C,19B8DE4F67F528
8D8013F1F82300020049BC05CD5E,19B8E445545F2C
8D8013F15837B6F5D88BACB5F6A2,19B8EA3B39F32D
8D8013F1EA0DC858013C083E0696,19B8EAD4020235
8D8013F15837A336A909850C9B4A,19B90841D0C731
8D8013F1991017A398400BED06B5,19B921E33DD12E
8D8013F15837A6F5A08BAEF9243A,19B929A2E0BA17
8D8013F12218C1F2C7182057DEA3,19B92C9DDF732F
8D8013F1EA0DC858013C083E0696,19B939BB07B329
8D8013F1991017A398440BD530B5,19B9411B264442
8D8013F15837A6F57E8BAFF93352,19B9509AC23635
8D8013F1991017A398480B9D6AB5,19B95A23F09837
8D8013F1583793364709893AFD68,19B9732CAAA11B
8D8013F1991017A398440BD530B5,19B97B8511833F
8D8013F1EA0DC858013C083E0696,19B98A0C3B744E
8D8013F1583796F5468BB15EE8DA,19B992FD1E882D
8D8013F1991017A398440BD530B5,19B99F81D4D834
8D8013F1991017A398440BD530B5,19B9C547E32124
8D8013F1EA0DC858013C083E0696,19B9D98C3F192D
8D8013F1991018A398440A3BA6A6,19B9E14BB48A19
8D8013F1583786F4EC8BB59FF351,19B9F45ED4311D
8D8013F1991018A398400BFC64AF,19BA054830C42D
8D8013F158378335B3098FB9E792,19BA198C8CEB2F
8D8013F1991018A398400A0390A6,19BA23AE488623
8D8013F1F82300020049BC05CD5E,19BA257867B327
8D8013F1EA0DC858013C083E0696,19BA2873896523
8D8013F1583773359B099084AC8A,19BA31FC79C416
8D8013F1991018A398400BFC64AF,19BA42E632713D
8D8013F1583776F49C8BB89B5AC0,19BA51CCDDBD2C
8D8013F1991018A398400A0390A6,19BA5F82CC862B
8D8013F1583776F4808BB9E019D5,19BA6F01D12A2B
8D8013F12218C1F2C7182057DEA3,19BA6F9A84A82E
8D8013F1EA0DC858013C083E0696,19BA745FA3D51E
8D8013F1991018A398400BFC64AF,19BA8712A49827
8D8013F158376335450993B40B19,19BA93977A3836
8D8013F1991018A398400A0390A6,19BAA9A4D39135
8D8013F1583766F4488BBBDEF7D9,19BAB03359A826
8D8013F1F82300020049BC05CD5E,19BAC549250730
8D8013F1EA0DC858013C083E0696,19BACA0DDF223F
8D8013F1991018A398400BFC64AF,19BACAA6C8E237
8D8013F1583766F4268BBD530C01,19BAD692B5F93A
8D8013F1991018A398440A3BA6A6,19BAE742C7C147
8D8013F1583756F4108BBE49D08C,19BAEF02765340
8D8013F158375334D909985F28A5,19BB0DA1FEF744
8D8013F1EA0DC858013C083E0696,19BB172B2AE83F
8D8013F1991018A398440A3BA6A6,19BB1D2108FA41
8D8013F158375334C10998ECCEBD,19BB274318043B
8D8013F1E1021F0000000021B5E8,19BB2CA086A638
8D8013F1991018A398440A3BA6A6,19BB36C27B2332
8D8013F1991018A398440A3BA6A6,19BB52FF5C0540
8D8013F1EA0DC858013C083E0696,19BB657A046B43
8D8013F15837433489099BC7D015,19BB66AAD35D3E
8D8013F1991018A398480A73FCA6,19BB6F0323AA3A
8D8013F1583746F3888BC30E723B,19BB8B400BCF47
8D8013F1991018A398440BC452AF,19BB8F6C0F3F43
8D8013F1583736F36C8BC470356D,19BBA90D7CF43E
8D8013F1991018A398440A3BA6A6,19BBA9A62BA03D
8D8013F12218C1F2C7182057DEA3,19BBB166269C47
8D8013F1EA0DC858013C083E0696,19BBB6C34B4541
8D8013F1991018A398480B8C08AF,19BBC7145A1843
8D8013F1991018A398480A73FCA6,19BBE0B5896D3A
8D8013F15837333415099F3A1D32,19BBE7DC9F1E30
8D8013F1991018A398480A73FCA6,19BBF88D521736
8D8013F1EA0DC858013C083E0696,19BC07AD8C9A34
8D8013F158372333F309A1D14F12,19BC0E3B971837
8D8013F1991017A378440A0F446A,19BC201D5CA32A
8D8013F158372333D709A25C8A2D,19BC2CA1A5A329
8D8013F1991017A378480BB8EA63,19BC4714FEA53F
8D8013F158372333BB09A3350953,19BC4ED481073A
8D8013F1EA0DC858013C083E0696,19BC55630A8828
8D8013F1991017A378480A471E6A,19BC69A70FD52B
8D8013F1E1021F0000000021B5E8,19BC6B715CB933
8D8013F1583716F2BE8BCB6321DB,19BC6F9CF46F2B
8D8013F1991017A378480A471E6A,19BC88DEE2FC3A
8D8013F1583716F29C8BCCC22554,19BC9694CA3335
8D8013F1F82300020049BC05CD5E,19BC97C59B9639
8D8013F1EA0DC858013C083E0696,19BCA57BBD2739
8D8013F1991017A378480A471E6A,19BCA745103A2F
8D8013F1991017A378440BF0B063,19BCCBDA2A753E
8D8013F1583703333D09A86D35C6,19BCDAC0DEAB43
8D8013F12218C1F2C7182057DEA3,19BCE6ACC4AE39
8D8013F1583703332509A92127D7,19BCF2988F6837
8D8013F1EA0DC858013C083E0696,19BCF59395C23A
8D8013F1991017A378440A0F446A,19BD0DA4EE6E3F
8D8013F15835F3330909AA3E2D64,19BD1563DDA73A
8D8013F1991018A378440A1E2670,19BD2C0A5B882A
8D8013F15835F332F109AB7C42F0,19BD2D3B887932
8D8013F1F82300020049BC05CD5E,19BD388EC53F35
8D8013F1EA0DC858013C083E0696,19BD4716289F3B
8D8013F1991018A378440A1E2670,19BD5006E7CF37
8D8013F1991018A378440A1E2670,19BD6F05B81130
8D8013F15835E332AD09AD428573,19BD775E3E5229
8D8013F1EA0DC858013C083E0696,19BD939B2AAD33
8D8013F1991018A378400A261070,19BD95FD232443
8D8013F15835E3329109AF83525D,19BD9AC1DACE40
8D8013F1991018A378440A1E2670,19BDB168A9FB31
8D8013F1E1021F0000000021B5E8,19BDB62D294F34
8D8013F15835E3327309B0423A99,19BDB75E921033
8D8013F15835D3325D09B1EB1C17,19BDD564D4D938
8D8013F1991018A378400A261070,19BDD85FCDC536
8D8013F1F82300020049BC05CD5E,19BDDC8C51902F
8D8013F1991018A378400A261070,19BDF29A397E25
8D8013F1991018A378400A261070,19BE139BCC6B2F
8D8013F15835D6F14A8BDA823F99,19BE1696E54335
8D8013F1991018A378400A261070,19BE2CA4685D2F
8D8013F1EA0DC858013C083E0696,19BE362DB4C62B
8D8013F15835C6F12E8BDBB5B20F,19BE36C67BDC2E
8D8013F1991018A3784009D9F862,19BE53032D5037
8D8013F15835C6F10C8BDC14B680,19BE5D252A1B34
8D8013F1991018A378440A1E2670,19BE6E6EDA4D24
8D8013F1F82300020049BC05CD5E,19BE75956E5A2A
8D8013F15835C6F0F08BDD618810,19BE808AA1AF2B
8D8013F1EA0DC858013C083E0696,19BE8A12A2CC38
8D8013F1991018A378400A261070,19BE8ED74D853D
8D8013F15835B6F0DA8BDE3D5001,19BE98F963B336
8D8013F1991018A378400A261070,19BEAB740B4F36
8D8013F1991018A35840099C844B,19BED26B3FF136
8D8013F15835B3316D09BA5351E5,19BEE020D5DC33
8D8013F1E1021F0000000021B5E8,19BEEF079ABB23
8D8013F15835A6F07A8BE2A3ED57,19BF054E92111F
8D8013F1991018A358440A5B5A59,19BF0BDD00F630
8D8013F1F82300020049BC05CD5E,19BF15FF067B2E
8D8013F15835A3312F09BD0D7DF1,19BF257EBD9628
8D8013F1EA0DC858013C083E0696,19BF29AAA07E2C
8D8013F1991018A358480A130059,19BF2E6FCB7317
8D8013F15835A6F0428BE455534B,19BF46800D6026
8D8013F1991018A358440A5B5A59,19BF4E40511D33
8D8013F158359330FB09BFFD8072,19BF61EB2A513B
8D8013F1991018A358440A5B5A59,19BF6912494929
8D8013F12218C1F2C7182057DEA3,19BF69AAED662A
8D8013F1EA0DC858013C083E0696,19BF79C2F4C13E
8D8013F1583596F0108BE648AEB0,19BF7AF41C041F
8D8013F1991018A358440A5B5A59,19BF87B1D8072E
8D8013F158359330C709C13EBD0E,19BF9AC46E692D
8D8013F1F82300020049BC05CD5E,19BFB20384ED1D
8D8013F1583586EFDE8BE896D463,19BFB46676F717
8D8013F1991018A358440A5B5A59,19BFC7195A202B
8D8013F1583583308F09C3EA57AF,19BFD9940C892C
8D8013F1991018A358440A5B5A59,19C00E410E822B
8D8013F1583576EF8A8BEC1FD4BA,19C0169965A528
8D8013F1EA0DC858013C083E0696,19C01EF1394033
8D8013F1E1021F0000000021B5E8,19C02ADD1FEF2E
8D8013F1583573303F09C68E72AD,19C0329CB8881E
8D8013F1991018A358440A5B5A59,19C04AADF81E38
8D8013F1F82300020049BC05CD5E,19C0500AC16830
8D8013F1583576EF568BEEFB8342,19C05305AB312C
8D8013F1991018A35840099C844B,19C0644ED6D224
8D8013F1583563300B09C811E331,19C06CA74E7D3E
8D8013F1EA0DC858013C083E0696,19C06E713E7C28
8D8013F1991018A358400A636C59,19C0897C86C22E
8D8013F15835632FEF09C930E3E9,19C08F728FFB27
8D8013F1991017A3584409B5D051,19C0A74A43B536
8D8013F12218C1F2C7182057DEA3,19C0A913DD951D
8D8013F1EA0DC858013C083E0696,19C0C255C0A814
8D8013F1991017A358440A4A3843,19C0CA15819932
8D8013F15835532FB109CC8B3D3A,19C0D43780C52F
8D8013F1991017A3584409B5D051,19C0E4E81C9D40
8D8013F15835532F9309CD2A1D98,19C0F3CED0F121
8D8013F1EA0DC858013C083E0696,19C10E41ED2A2D
8D8013F15835532F7709CEC72458,19C11568FF312E
8D8013F1991017A3584409B5D051,19C127E3C61C1E
8D8013F15835432F5509D0A9E88A,19C137632E9B19
8D8013F1991017A358440A4A3843,19C14BE06CFF34
8D8013F1991017A35840098DE651,19C167E3A4D82C
8D8013F1583546EE5A8BF7271C80,19C16FA36FBD21
8D8013F1E1021F0000000021B5E8,19C17500B51C23
8D8013F1991017A358440A4A3843,19C18B47ACB02D
8D8013F1F82300020049BC05CD5E,19C194388B6F2E
8D8013F15835332F0509D392FA7A,19C19569B63C48
8D8013F1583536EE1C8BFAEDE7A7,19C1B500F9971C
8D8013F15835232EC709D5F2DB99,19C1DAC75B9E38
8D8013F1991017A3584809FD8A51,19C1ED41A5891D
8D8013F1583526EDE48BFC370E51,19C1F6CB1FAA29
8D8013F1EA0DC858013C083E0696,19C201BF219321
8D8013F1991017A358440A4A3843,19C20D1210E530
8D8013F1F82300020049BC05CD5E,19C23337E8702E
8D8013F15835232E7109D9AC56D1,19C2392DD16E29
8D8013F1EA0DC858013C083E0696,19C24EDC2BBC34
8D8013F1991018A3584809ECE84B,19C25439851135
8D8013F1583516ED908BFFBC820C,19C258658DA235
8D8013F1583516ED748C018183D7,19C27501E66822
8D8013F1991018A3584409A4B24B,19C2900D9DB439
8D8013F1583506ED548C020BBB0C,19C29C925D1C41
8D8013F1EA0DC858013C083E0696,19C29DC3531E21
8D8013F1991018A3584409A4B24B,19C2A916777A35
8D8013F1E1021F0000000021B5E8,19C2B16F08F73D
8D8013F15835032DF909DD359677,19C2C3899E7031
8D8013F1F82300020049BC05CD5E,19C2D734F7C145
8D8013F15835032DDD09DEB85348,19C2E025E5D246
8D8013F1991018A3584409A4B24B,19C2E87E835438
8D8013F1EA0DC858013C083E0696,19C2ECAA533148
8D8013F15833F6ED008C05439BB0,19C30127872633
8D8013F1991018A3584409A4B24B,19C30EDD0D7143
8D8013F15833F32DA909E1B45ED9,19C319980B9B40
8D8013F1991018A3384009530030,19C3274D526C3A
8D8013F15833F32D9309E1596C6A,19C332A084E236
8D8013F1EA0DC858013C083E0696,19C34258FF392D
8D8013F1991018A3384009530030,19C3498028EF48
8D8013F15833F6ECB68C08C91FA2,19C350A7CBFB3D
8D8013F1991018A33844096B3630,19C363BA1BDE31
8D8013F1F82300020049BC05CD5E,19C3746B22853E
8D8013F15833E32D4909E45EBED0,19C388E7CD074A
8D8013F1991018A3384009530030,19C389806A4D48
8D8013F15833E6EC6E8C0BD541B7,19C3A4EB93B23F
8D8013F1991018A3384009530030,19C3AAE184FE2E
8D8013F1991018A3384009530030,19C3CAB271EE43
8D8013F15833D32CFF09E7859BA3,19C3DBFB018D34
8D8013F1EA0DC858013C083E0696,19C3E289DD8432
8D8013F1E1021F0000000021B5E8,19C3ECAB9E013D
8D8013F1991018A3384009530030,19C3ED443C5136
8D8013F15833D6EC268C0E9F22F2,19C3F59C92B93C
8D8013F15833D6EC0E8C0F4B08DA,19C411D94F3936
8D8013F1991018A3384008ACF439,19C413A3748041
8D8013F1991018A33844096B3630,19C42F0E3CF92B
8D8013F1EA0DC858013C083E0696,19C42FA6DEB438
8D8013F15833C6EBEE8C107296C5,19C43504378C3A
8D8013F1991018A3384008ACF439,19C451410B0033
8D8013F15833C32C8D09EC43C7D4,19C45BFBD89430
8D8013F12218C1F2C7182057DEA3,19C4661DB8CE3A
8D8013F1991018A3384009530030,19C46918AD072F
8D8013F15833B32C6B09ED260C2D,19C482F31D153F
8D8013F1EA0DC858013C083E0696,19C484BD776648
8D8013F15833B6EB948C148622B2,19C49DC5BDE435
8D8013F1991018A33844096B3630,19C4AAE2BF8239
8D8013F1F82300020049BC05CD5E,19C4B59D60693B
8D8013F15833B6EB788C1505A561,19C4C091189744
8D8013F1991018A33844096B3630,19C4C7B884F342
8D8013F1EA0DC858013C083E0696,19C4D56DD70045
8D8013F15833A32C1709F15D3B28,19C4E0C0FFEF38
8D8013F1991018A33844096B3630,19C4EA4A7B0A2F
8D8013F15833A32BF909F216FADB,19C502F3CD3A39
8D8013F1991018A33844096B3630,19C508E9F0543C
8D8013F15833A6EB1E8C19D63C26,19C5228B6EA325
8D8013F1991018A33844096B3630,19C5261EDB942C
8D8013F1E1021F0000000021B5E8,19C526B779A53B
8D8013F1EA0DC858013C083E0696,19C5275009BC32
8D8013F1991018A3384009530030,19C54D162E3D3B
8D8013F1F82300020049BC05CD5E,19C5530C135435
8D8013F1583396EAE68C1B3A4E80,19C564EDCA7829
8D8013F1991018A3384009530030,19C5661EFC0C2B
8D8013F1991018A33844096B3630,19C585EF781142
8D8013F15833932B8309F7DF0925,19C58851C31D55
8D8013F1991018A3384008ACF439,19C5A6B7EA7030
8D8013F1583386EAAA8C1DD9CD13,19C5AAE4B7B82B
8D8013F12218C1F2C7182057DEA3,19C5AC152F813C
8D8013F1EA0DC858013C083E0696,19C5CA1BE70D36
8D8013F1583386EA8E8C1FABFC25,19C5CAB4F4EF3E
8D8013F1991018A3384009530030,19C5CBE59B5A41
8D8013F1991018A338440894C239,19C5E61FA23F1B
8D8013F15833832B2709FB77C41F,19C5ED46C13729
8D8013F1F82300020049BC05CD5E,19C5F46E2AA52B
8D8013F1991018A3384009530030,19C60426590F3F
8D8013F1583376EA568C21904642,19C60BE5E5F033
8D8013F1EA0DC858013C083E0696,19C6186A5B5E3B
8D8013F1991018A3383C0846BA22,19C62751235A27
8D8013F1583376EA3A8C22F9D927,19C62882CB9520
8D8013F1583376EA248C239932B0,19C645F0624352
8D8013F1991018A3384009530030,19C64EE13CCB40
8D8013F1E1021F0000000021B5E8,19C66588010C26
8D8013F1EA0DC858013C083E0696,19C66751716B27
8D8013F15833632ABB09FFEBCB82,19C667EA0FF92D
8D8013F1991019A3384008AFFEF7,19C66DDFFF122B
8D8013F15833632A9F0A0071F4AF,19C687BABD6F3E
8D8013F1991019A338440897C8F7,19C6943ED5D845
8D8013F1F82300020049BC05CD5E,19C6986B160343
8D8013F1EA0DC858013C083E0696,19C6B802AA8C40
8D8013F1583356E9B48C284CB446,19C6C4C043B549
8D8013F1991019A338440897C8F7,19C6D73A1FB33D
8D8013F15833532A4B0A04AAD052,19C6E7520B5939
8D8013F12218C1F2C7182057DEA3,19C6F2A557FD2B
8D8013F1991019A338440897C8F7,19C6F6D16FA139
8D8013F1583356E97C8C2A42F6AA,19C70558C9BA43
8D8013F1EA0DC858013C083E0696,19C70BE7293E3D
8D8013F1991019A338440897C8F7,19C71DC8F2E04B
8D8013F15833432A170A06942FE7,19C720C3DE202B
8D8013F1991019A33848092066FE,19C741C5CEBE32
8D8013F158334329F50A0729F44F,19C747BBB60749
8D8013F1EA0DC858013C083E0696,19C75904FA8F46
8D8013F1991019A3384808DF92F7,19C760C435394B
8D8013F1583346E9288C2E128F3A,19C7632697A63C
8D8013F1991019A338440897C8F7,19C779347F163B
8D8013F158333329C30A0AF1CF03,19C7825E9C5B4C
8D8013F1991019A338440897C8F7,19C79B672BD948
8D8013F1583336E8F68C30556331,19C79C98B39C34
8D8013F1E1021F0000000021B5E8,19C7A7EBB6854A
8D8013F1EA0DC858013C083E0696,19C7A9B571D736
8D8013F1991019A338440897C8F7,19C7B9CD733732
8D8013F1F82300020049BC05CD5E,19C7DA36675740
8D8013F1EA0DC858013C083E0696,19C7F9CDD25E43
8D8013F1991018A3384808DC9839,19C7FB97894C36
8D8013F158332329510A0EEDB3EA,19C801C6CA0645
8D8013F1991018A338440894C239,19C81DCA79CE40
8D8013F1583326E8808C345BCE0A,19C823278BAA30
8D8013F12218C1F2C7182057DEA3,19C82C18742D3D
8D8013F1991018A338440894C239,19C83B97CC7F31
8D8013F1EA0DC858013C083E0696,19C84E4B2AB434
8D8013F158331328FB0A124D6115,19C85F949D9F25
8D8013F1991018A338440894C239,19C86327D51743
8D8013F158331328E50A132D8A82,19C87935B91D45
8D8013F1F82300020049BC05CD5E,19C879CECB1632
8D8013F1991018A338440894C239,19C885F34D1627
8D8013F1EA0DC858013C083E0696,19C89DCAE6D135
8D8013F1991018A338440894C239,19C8A91E2C6043
8D8013F1583306E7FA8C3A2EE542,19C8C0964ACA41
8D8013F1991018A3384008ACF439,19C8C7BDA51631
8D8013F1583306E7DE8C3BA33C66,19C8DEFC61932C
8D8013F1EA0DC858013C083E0696,19C8EDE330744C
8D8013F1E1021F0000000021B5E8,19C8EFACF5C93B
8D8013F15831F328730A17FACAEB,19C8F9CF389647
8D8013F1991018A338440894C239,19C91015E9E928
8D8013F15831F6E7A88C3D614C22,19C91DCB6C0E29
8D8013F1991018A338440894C239,19C93340CF5E49
8D8013F1EA0DC858013C083E0696,19C94096C9BE43
8D8013F15831F6E78C8C3EEC891D,19C9412F87003D
8D8013F1991017A3384008BD9623,19C9544262B82D
8D8013F15831E328190A1B70A0A0,19C960C6EDA32F
8D8013F12218C1F2C7182057DEA3,19C963C1BCC026
8D8013F1991017A3383C0857D838,19C97472C90442
8D8013F15831E6E7548C41F23D5A,19C9812FD1D53E
8D8013F1EA0DC858013C083E0696,19C98C82F8632A
8D8013F1991017A3383C07A87870,19C9960CA4FD28
8D8013F15831E327DF0A1D4F6DDC,19C9A02E84F92A
8D8013F1991017A3384008BD9623,19C9B3DA2E9C4A
8D8013F1F82300020049BC05CD5E,19C9B76DE7B931
8D8013F15831D327C30A1E65C7F2,19C9C2614E1D46
8D8013F1991017A3383C07A87870,19C9D9A0AA072E
8D8013F1EA0DC858013C083E0696,19C9DD33DE5348
8D8013F15831D6E6DE8C45170338,19CA068DB4CC48
8D8013F1991017A3184007074A42,19CA186FE1CC2D
8D8013F15831C3276F0A215D61BA,19CA21F9187B28
8D8013F1EA0DC858013C083E0696,19CA2A5140FD2D
8D8013F1E1021F0000000021B5E8,19CA376E87353F
8D8013F1991017A3184008F8EA0A,19CA39D0A31241
8D8013F1F82300020049BC05CD5E,19CA586FCA4C49
8D8013F1991017A3184007074A42,19CA5E65A1F622
8D8013F15831C6E6868C48E10DC1,19CA692048B926
8D8013F1EA0DC858013C083E0696,19CA7A69CCF941
8D8013F1991017A3184008F8EA0A,19CA82FAD03644
8D8013F15831B6E66E8C49C69DB6,19CA855D414840
8D8013F1991016A318400704408C,19CAA1F99C802E
8D8013F12218C1F2C7182057DEA3,19CAAE7E4F6441
8D8013F15831B326E10A274DA147,19CAC262902347
8D8013F1991016A3184008FBE0C4,19CAC72738A941
8D8013F1EA0DC858013C083E0696,19CACD1D25902D
8D8013F15831B326C90A2899DF2E,19CADC03F94427
8D8013F1F82300020049BC05CD5E,19CB0000905920
8D8013F1991016A3184008FBE0C4,19CB00992A3447
8D8013F1EA0DC858013C083E0696,19CB1DCE140C50
8D8013F1991016A318400704408C,19CB22931C8520
8D8013F15831A6E5CE8C4F256A0A,19CB40997A7765
8D8013F1991016A3183C0811AEDF,19CB41320E3846
8D8013F1583196E5B28C50C0ECDD,19CB5E66F81031
8D8013F1991016A3183C07EE0E97,19CB61FA8D0A3A
8D8013F1EA0DC858013C083E0696,19CB6CB55B1B27
8D8013F1583193263D0A2DC8DF13,19CB78A0FF7250
8D8013F1991016A3184008FBE0C4,19CB82FC2A2851
8D8013F1583196E57A8C52CEAE31,19CB9DCEB78027
8D8013F1991016A318400704408C,19CBA45D227D2A
8D8013F1EA0DC858013C083E0696,19CBC09A176347
8D8013F158318325FF0A2FFF3C60,19CBC39514B445
8D8013F1991016A3183C0811AEDF,19CBC69012B146
8D8013F1991016A3183C07EE0E97,19CBE627444923
8D8013F12218C1F2C7182057DEA3,19CBF93A4E642B
8D8013F1583186E5208C56DC8C2F,19CC05F7B8DC45
8D8013F1991016A3183C0811AEDF,19CC08F2B46945
8D8013F1EA0DC858013C083E0696,19CC0F812A2321
8D8013F1991016A318400704408C,19CC232C9B6126
8D8013F158317325A30A33180E05,19CC27F1622E2F
8D8013F1991016A3184008FBE0C4,19CC4A242A873D
8D8013F1EA0DC858013C083E0696,19CC5C9ECD1247
8D8013F1991017A3184007074A42,19CC6294E04D1C
8D8013F1583173256B0A351674DF,19CC658FA9212B
8D8013F1991017A3184007074A42,19CC7A6C5EFE4B
8D8013F158316325550A3603539A,19CC81CC7E794A
8D8013F1991017A3184007074A42,19CC9B6DCE752A
8D8013F158316325370A37288B6A,19CCA0CAEE3B2E
8D8013F1EA0DC858013C083E0696,19CCADE7F43E1E
8D8013F1E1021F0000000021B5E8,19CCB214124B3E
8D8013F1991017A31844073F7C42,19CCC09B751E3B
8D8013F1991017A3184807772642,19CCDB6DFCD833
8D8013F158315325050A39FABAB0,19CCDC06B09418
8D8013F1F82300020049BC05CD5E,19CCE0329DFC33
8D8013F1991017A3184807772642,19CCF3DE5C213B
8D8013F1EA0DC858013C083E0696,19CCF9D440BB34
8D8013F158315324E30A3A27D6A1,19CD02FE0EA83B
8D8013F1991017A31844073F7C42,19CD1742272F2B
8D8013F1583156E42C8C5FD98A7C,19CD1D381E562A
8D8013F1991017A3184807772642,19CD317C726F2F
8D8013F1583146E4108C60D66C89,19CD3A6D75CD32
8D8013F12218C1F2C7182057DEA3,19CD4003668B4B
8D8013F1EA0DC858013C083E0696,19CD4A25D02926
8D8013F1991017A3184807772642,19CD527DBE1218
8D8013F1991017A3184C074F1042,19CD6DE919072B
8D8013F1F82300020049BC05CD5E,19CD78A3916712
8D8013F1991017A3184C074F1042,19CD914CD6B720
8D8013F1583133245B0A3F676E42,19CD9A3DA9311D
8D8013F1991017A3184C074F1042,19CDB17D157631
8D8013F1583136E3A08C651B283B,19CDBB06508A37
8D8013F1EA0DC858013C083E0696,19CDE88C88AF2B
8D8013F1E1021F0000000021B5E8,19CDEAEE91C131
8D8013F1583126E3688C6725C637,19CDFA6E42063C
8D8013F1991017A3184C074F1042,19CE0D214A4B26
8D8013F1F82300020049BC05CD5E,19CE161243A61D
8D8013F1EA0DC858013C083E0696,19CE35A994113E
8D8013F1583116E3308C694D791C,19CE40049B333C
8D8013F1991016A3184807742C8C,19CE51E653BE2B
8D8013F1583116E3108C6AF7ED27,19CE632F93E128
8D8013F1EA0DC858013C083E0696,19CE85FACF252A
8D8013F1583116E2F48C6B3135AF,19CE86937F763B
8D8013F12218C1F2C7182057DEA3,19CE885D51101B
8D8013F1991016A3184807742C8C,19CE97DC945327
8D8013F1583106E2D28C6C97CCC4,19CEA88D7A4329
8D8013F1F82300020049BC05CD5E,19CEAFB43D302B
8D8013F1991016A3184807742C8C,19CEB9D6672541
8D8013F1583106E2B68C6E6F05A0,19CECAC06E1234
8D8013F1EA0DC858013C083E0696,19CED57A877948
8D8013F1991016A3184807742C8C,19CEDC09165934
8D8013F1582FF3232F0A4BEE5E88,19CEEB89277C39
8D8013F1991016A31844073C768C,19CEF64319953F
8D8013F1582FF323130A4CD04599,19CF0F8507A43F
8D8013F1991016A31844073C768C,19CF17DD41C925
8D8013F1EA0DC858013C083E0696,19CF229841E727
8D8013F1E1021F0000000021B5E8,19CF3217429331
8D8013F1582FF322F10A4D3A6497,19CF32AFE41022
8D8013F1991016A318400704408C,19CF3774E28636
8D8013F1F82300020049BC05CD5E,19CF4BF1B7F03B
8D8013F1991016A3184006FBB485,19CF544A090824
8D8013F1582FE6E23C8C72EC33E7,19CF56ACB5303A
8D8013F1EA0DC858013C083E0696,19CF70E653583C
8D8013F1991016A318400704408C,19CF7512939340
8D8013F1582FE6E2208C739770F2,19CF75AB232D2D
8D8013F1582FE6E20A8C7458D675,19CF92809ABD39
8D8013F1582FD6E1EE8C7598017B,19CFB04E2AE437
8D8013F1991016A318400704408C,19CFB17FA2C843
8D8013F1EA0DC858013C083E0696,19CFC301886D2E
8D8013F12218C1F2C7182057DEA3,19CFC85ED2DD36
8D8013F1582FD6E1D28C76A6225C,19CFD31979714C
8D8013F1991016A2F84006F5C900,19CFD61471832D
8D8013F1F82300020049BC05CD5E,19CFE7F639ED22
8D8013F1991016A2F840070A3D09,19CFF0E7033030
8D8013F1991016A2F840070A3D09,19D00EEDAB1B29
8D8013F1EA0DC858013C083E0696,19D0128135963A
8D8013F1582FC3222B0A545C476F,19D014E38F7634
8D8013F1991016A2F84407320B09,19D02AF173F93A
8D8013F1582FC3220F0A55D19E4B,19D032B1181B2F
8D8013F1582FC321F30A570CB26F,19D054E3F0D031
8D8013F1EA0DC858013C083E0696,19D06299D8C318
8D8013F1991016A2F840070A3D09,19D0688FB7C02A
8D8013F1E1021F0000000021B5E8,19D0734A183321
8D8013F1582FB321D10A583E802C,19D0780ED53B23
8D8013F1F82300020049BC05CD5E,19D0885FD04834
8D8013F1582FB321B30A591558DC,19D09ADA27A13B
8D8013F1991016A2F84006F5C900,19D0A4FC23623A
8D8013F1EA0DC858013C083E0696,19D0AFB6D13934
8D8013F1582FB321930A5AAFCCE7,19D0C26A2E0728
8D8013F1991016A2F840070A3D09,19D0CB5B23A92F
8D8013F1582FA6E0E88C7F0C2F79,19D0DCA48D4D32
8D8013F1991016A2F84006F5C900,19D0EAF2686B2D
8D8013F1582FA321590A5C8AB25F,19D10303208222
8D8013F1991016A2F840070A3D09,19D108F8FFBD2C
8D8013F12218C1F2C7182057DEA3,19D10EEEFC8224
8D8013F1F82300020049BC05CD5E,19D12201E43031
8D8013F1582FA6E0AC8C81B476A6,19D124FCC63951
8D8013F1991016A2F84006F5C900,19D12A5A2A7B37
8D8013F1582F96E08A8C8273EE3B,19D14C8CE20C2B
8D8013F1EA0DC858013C083E0696,19D1502075CD38
8D8013F1991016A2F84406CDFF00,19D151519F9121
8D8013F1582F96E0708C8301D47E,19D16929749F35
8D8013F1991016A2F84006F5C900,19D173E4139234
8D8013F1991016A2D84006B0B529,19D193B4AA2425
8D8013F1EA0DC858013C083E0696,19D19F078EF627
8D8013F1582F86E0388C85D506E9,19D1AAF40FD22D
8D8013F1991016A2D84406888329,19D1B515B00534
8D8013F1F82300020049BC05CD5E,19D1BB0B8D0E2E
8D8013F1991017A2D84006B3BFE7,19D1D748596D1D
8D8013F1582F76DFFA8C88F47832,19D1EE87B16E34
8D8013F1EA0DC858013C083E0696,19D1EFB86A292F
8D8013F1991017A2D844068B89E7,19D1F515EF4135
8D8013F1582F76DFE08C89A3C2A1,19D21283F2062C
8D8013F1582F7320510A66462C72,19D22D566F3133
8D8013F1991017A2D844068B89E7,19D232B3B63636
8D8013F1EA0DC858013C083E0696,19D245674CE025
8D8013F1991017A2D84006B3BFE7,19D252840E4819
8D8013F12218C1F2C7182057DEA3,19D253B5A27E3D
8D8013F1991017A2D844068B89E7,19D26FB9133A38
8D8013F1582F6320130A6918700A,19D2734C9A0B36
8D8013F1991017A2D844068B89E7,19D2944E23A22D
8D8013F1EA0DC858013C083E0696,19D294E6CDAA39
8D8013F1582F66DF6C8C8D20A1D6,19D297E1BF3320
8D8013F1991017A2D844068B89E7,19D2B0EA8B8B39
8D8013F1582F56DF508C8E4F77D1,19D2B6E0871839
8D8013F1991017A2D844068B89E7,19D2D7498A4C34
8D8013F1EA0DC858013C083E0696,19D2E597FCB929
8D8013F1991017A2D844068B89E7,19D2EFBA0A5C36
8D8013F1E1021F0000000021B5E8,19D2F0EADA092C
8D8013F1F82300020049BC05CD5E,19D2F183CC843D
8D8013F1582F531F9D0A6DADA163,19D2F94320D13A
8D8013F1991017A2D848073C27EE,19D30E58EAB92F
8D8013F1582F431F870A6ECAAB0B,19D3157FFB4932
8D8013F1991017A2D844068B89E7,19D327FA54482C
8D8013F1EA0DC858013C083E0696,19D3347F36D730
8D8013F1582F431F650A6F0B7756,19D3377ABCE132
8D8013F1991017A2D844068B89E7,19D348FBE9E42B
8D8013F1582F431F4F0A70C44165,19D35618EDB426
8D8013F1991016A2D84406888329,19D3676207A241
8D8013F1582F36DEAA8C95B5D628,19D376E1683131
8D8013F1EA0DC858013C083E0696,19D386015AFD26
8D8013F1991016A2D84406888329,19D38BF72BD02A
8D8013F1582F36DE8E8C96381317,19D397E3708D2E
8D8013F1F82300020049BC05CD5E,19D39914242726
8D8013F12218C1F2C7182057DEA3,19D39DD8ED642D
8D8013F1991016A2D84406888329,19D3A9C4D07935
8D8013F1582F331EF50A747BF4BE,19D3B944207E3C
8D8013F1991016A2D84406888329,19D3CC90108F36
8D8013F1EA0DC858013C083E0696,19D3D44FC82A40
8D8013F1582F231ED90A75A82372,19D3DB76DF5230
8D8013F1991016A2D84406888329,19D3E8942F4E33
8D8013F1582F26DE368C99EB8123,19D3FB0E3B7435
8D8013F1991016A2D84406888329,19D40EF2C04138
8D8013F1EA0DC858013C083E0696,19D423CF79C735
8D8013F1E1021F0000000021B5E8,19D435B14CB139
8D8013F1582F131E850A7808254F,19D43813FCC037
8D8013F1F82300020049BC05CD5E,19D4400CAD5C3A
8D8013F1991016A2B84406470752,19D44F8BBA7C2F
8D8013F1582F16DDE48C9C9FAFA4,19D45F0B047630
8D8013F1EA0DC858013C083E0696,19D46FBBBB8638
8D8013F1991016A2B84406470752,19D470542AB835
8D8013F1582F131E4D0A7A0667A3,19D4777B96D53E
8D8013F1582F031E370A7BAEF5AB,19D493B880EE35
8D8013F1991016A2B84406470752,19D4974BBF3D33
8D8013F1582F06DD9C8C9F2C8935,19D4B0547D6C27
8D8013F1991016A2B84406470752,19D4B77BF21530
8D8013F1582F031DFF0A7DDC8884,19D4D5823CFC2E
8D8013F1991017A2B84406440D9C,19D4DB7821572E
8D8013F12218C1F2C7182057DEA3,19D4E206AC1139
8D8013F1F82300020049BC05CD5E,19D4E2A208F410
8D8013F1991017A2B84406440D9C,19D4F34FC3DC38
8D8013F1EA0DC858013C083E0696,19D514515D5132
8D8013F1991017A2B84405BBE58E,19D5161B33CC25
8D8013F1582DF31DAF0A808D41D9,19D52C28F59439
8D8013F1991017A2B84406440D9C,19D52DF2BE5432
8D8013F1582DE6DD188CA4C3A4EE,19D54AC8AB522D
8D8013F1991017A2B84405BBE58E,19D55582DE5C26
8D8013F1EA0DC858013C083E0696,19D5603D7E8825
8D8013F1582DE31D7D0A821BE14F,19D567649A5332
8D8013F1991017A2B84406440D9C,19D5781543C74C
8D8013F1F82300020049BC05CD5E,19D581D805952F
8D8013F1582DE6DCE68CA652DAEE,19D58735000120
8D8013F1991017A2B8400583D38E,19D59B79169423
8D8013F1582DD31D450A84BCAA73,19D5A633B70E2C
8D8013F1EA0DC858013C083E0696,19D5B055C07B31
8D8013F1991017A2B84406440D9C,19D5B81575F22C
8D8013F1582DD6DCAA8CA8D070D1,19D5CAC956C52C
8D8013F1582DD31D0D0A8658EC32,19D5E59BC0772D
8D8013F1991017A2B840067C3B9C,19D5F64C073A31
8D8013F1EA0DC858013C083E0696,19D601D901F724
8D8013F1582DC31CF10A871D7E42,19D60866C96129
8D8013F1991017A2B84405BBE58E,19D6174DD5E824
8D8013F1F82300020049BC05CD5E,19D6203E7CBE28
8D8013F1582DC31CDB0A88D2A8A9,19D622083EB732
8D8013F12218C1F2C7182057DEA3,19D6246A923F27
8D8013F1991017A2B840067C3B9C,19D6377DD8E626
8D8013F1582DC6DC408CACB06E5B,19D644D3EC9B26
8D8013F1EA0DC858013C083E0696,19D64E5CFBCC29
8D8013F1991017A2B8400583D38E,19D65DDCA00C24
8D8013F1582DC31C9D0A8B8B416F,19D666CD79D929
8D8013F1991017A2B840067C3B9C,19D6814066F331
8D8013F1582DB31C7D0A8CC2573D,19D68DC519A827
8D8013F1991017A2B8400583D38E,19D699B0F4AF23
8D8013F1EA0DC858013C083E0696,19D69C12EF5820
8D8013F1582DB31C610A8DB91428,19D6ACC398112E
8D8013F1991017A2B840067C3B9C,19D6B947EDC22F
8D8013F1E1021F0000000021B5E8,19D6C1D9A9FE31
8D8013F1F82300020049BC05CD5E,19D6C4D4A0B82C
8D8013F1582DA6DBC88CB1BB8C8C,19D6D322684F3B
8D8013F1991017A2B8400583D38E,19D6E0D7F6C81E
8D8013F1EA0DC858013C083E0696,19D6E9C92F9D22
8D8013F1582DA6DBAC8CB2BCB1E1,19D6F0F001DC24
8D8013F1582DA31C0D0A911F673D,19D70F8F312418
8D8013F1991018A2984005D7CDBD,19D72635AADF18
8D8013F1EA052858013C08B19F6B,19D738176D7D32
8D8013F1991018A29840062825AF,19D7473753C516
8D8013F1582D96DB5A8CB63941B7,19D750C103CB1C
8D8013F12218C1F2C7182057DEA3,19D759B1EA1B20
8D8013F1991018A2984005D7CDBD,19D762A2C10916
8D8013F1F82300020049BC05CD5E,19D7633B6D4415
8D8013F1582D96DB448CB6A65E29,19D76930F74A21
8D8013F1991018A29840062825AF,19D78010A36621
8D8013F1EA052858013C08B19F6B,19D78BFC4F5D21
8D8013F1991018A2984005D7CDBD,19D79B7B9EF53C
8D8013F1582D86DB088CB9BA59DF,19D7AE8EE50F27
8D8013F1991018A2983C053D83A6,19D7B51D537726
8D8013F1EA046858013C08860AF9,19D7D7E8757610
8D8013F1991018A2984005D7CDBD,19D7DA4AC9B912
8D8013F1991018A2984405EFFBBD,19D7F9E2161D1C
8D8013F1E1021F0000000021B5E8,19D7FB135FDC1C
8D8013F1F82300020049BC05CD5E,19D8073856511B
8D8013F1582D731B330A9A61E224,19D80A33240630
8D8013F1999018A29844057E3CC2,19D81750310E20
8D8013F1582D76DAA48CBD8EC29B,19D823D49FA62F
8D8013F1EA040858013C0825E0B9,19D82899CA9B4B
8D8013F1999018A29848053666C2,19D83353EA4C2C
8D8013F1582D731B010A9CE256B2,19D8443DABB32B
8D8013F1999018A2985005A6D2C2,19D853BD4CC62B
8D8013F1999018A29854059EE4C2,19D86D5E4B662D
8D8013F1999018A2985C061160D0,19D89029ADBA2D
8D8013F12218C1F2C7182057DEA3,19D899B382CC1D
8D8013F1F82300020049BC05CD5E,19D8A59F4DB521
8D8013F1999019A2985C05ED820C,19D8B18B203026
8D8013F1EA040858013C0825E0B9,19D8C902E9B325
8D8013F1999018A29864054078CB,19D8F486703525
8D8013F1999018A29864054078CB,19D91620372F1E
8D8013F1EA040858013C0825E0B9,19D919B4248A26
8D8013F1582D36D9CE8CC677C269,19D91DDFFC852B
8D8013F1999018A29868050822CB,19D93819EE6B2E
8D8013F1E1021F0000000021B5E8,19D942752C2D2B
8D8013F1F82300020049BC05CD5E,19D9499C26852C
8D8013F1582D2319FF0AA6FC6123,19D966387F7B34
8D8013F1EA040858013C0825E0B9,19D96AFD3CC236
8D8013F1999018A29864054078CB,19D9705A9B4737
8D8013F1582D16D9568CCBB0C54F,19D9A89BB14D38
8D8013F1999017A2785C05DA6A0E,19D9B5B8858237
8D8013F1EA040858013C0825E0B9,19D9C0AD82E227
8D8013F1582D0319A70AAAA46EF3,19D9CE6184C027
8D8013F1999016A25860050ADAE0,19D9DB7E8D7227
8D8013F12218C1F2C7182057DEA3,19D9DC1722F831
8D8013F1F82300020049BC05CD5E,19D9E89BDF3325
8D8013F1582D03198B0AAB4715DF,19D9EC2F18DE39
8D8013F1999016A25860050ADAE0,19D9F782AA5B2D
8D8013F1582BF3196F0AAC7D09F7,19DA0E61CE7B2A
8D8013F1EA040858013C0825E0B9,19DA0EFA740E2F
8D8013F1999015A2385C055687C0,19DA1B7EDF3B29
8D8013F1582BF6D8E48CCF152502,19DA2F2A59B130
8D8013F1582BF6D8CE8CD0DA1331,19DA4BFFCE532D
8D8013F1999015A2185804D439E0,19DA591CC76537
8D8013F1EA040858013C0825E0B9,19DA5FABA0BC2A
8D8013F1582BE319230AAF61465B,19DA676AF15F2D
8D8013F1999015A21858052BCDE9,19DA75B95D823F
8D8013F1E1021F0000000021B5E8,19DA830F657F29
8D8013F1582BE319070AB0EC2BE6,19DA8905238620
8D8013F1F82300020049BC05CD5E,19DA8F93A34420
8D8013F1999015A1F85C054A7CCA,19DA9D4943222F
8D8013F1EA040858013C0825E0B9,19DAAE92C3B831
8D8013F1999015A1F85805724ACA,19DAC440C56731
8D8013F1582BD318D10AB2077EE7,19DACA37152E30
8D8013F1582BC318AF0AB398BDEB,19DAEC30595D30
8D8013F1999015A1D854057F6CE3,19DB01DF0AD332
8D8013F1EA040858013C0825E0B9,19DB0277574A28
8D8013F1582BC3189B0AB4C804F2,19DB0905DCA529
8D8013F1582BC6D8188CD7E5775C,19DB233FFF5F2F
8D8013F12218C1F2C7182057DEA3,19DB25A2824328
8D8013F1F82300020049BC05CD5E,19DB2AFF7C7128
8D8013F1999015A1B85805F8B298,19DB3357BA6F2E
8D8013F1582BB6D8028CD7DE7F66,19DB414691512F
8D8013F1999016A178580462A53C,19DB515E72B537
8D8013F1EA040858013C0825E0B9,19DB528FBC3632
8D8013F1582BB6D7E88CD802B95A,19DB5DE2FC9633
8D8013F1999016A1785C05A56735,19DB69360A7C30
8D8013F1582BA6D7CE8CD9A4641C,19DB80AE739B2C
8D8013F1999016A17858059D5135,19DB899F214729
8D8013F1582BA318190AB965FECE,19DBA0DE159D2C
8D8013F1582B9317FD0ABAAADE06,19DBC310D23E30
8D8013F1999016A1585C05E01B1C,19DBC3A964C730
8D8013F1E1021F0000000021B5E8,19DBCC01C6F630
8D8013F1999016A1385C04D06B6E,19DBDCB2995E30
8D8013F1582B9317E30ABBCA3591,19DBE176FF002E
8D8013F1EA040858013C0825E0B9,19DBEC31D17635
8D8013F1999016A1385C052F9F67,19DBF653B6062C
8D8013F1582B8317C70ABC776478,19DC01E0510F30
8D8013F1999016A1185C04951747,19DC1290EDC12E
8D8013F1582B86D7448CDF5A17D6,19DC23D9B21C32
8D8013F1999016A1186005FC2547,19DC35BBF32138
8D8013F1582B76D72A8CE0C09CAA,19DC46A5142231
8D8013F1999016A0F860040DACCB,19DC5CB366B12B
8D8013F12218C1F2C7182057DEA3,19DC5FAE33AB31
8D8013F1582B76D7108CE1D25A10,19DC6472F3E031
8D8013F1F82300020049BC05CD5E,19DC6C324FED28
8D8013F1999016A0F86005F258C2,19DC83AA606D32
8D8013F1582B6317590AC0D9EC50,19DC89A04DA23D
8D8013F1EA040858013C0825E0B9,19DC8EFD990C3B
8D8013F1991016A0F860049C6BB4,19DC9E7D167A30
8D8013F1582B6317390AC2167430,19DCAC32989F31
8D8013F1991016A0F85C05F559B4,19DCC1486B6028
8D8013F1582B56D6B88CE5591C39,19DCD0C832892A
8D8013F1EA040858013C0825E0B9,19DCDD4C47C737
8D8013F1991016A0D85C044FD194,19DCE1784B2734
8D8013F1582B56D69E8CE6CF7184,19DCF05F122938
8D8013F1582B46D68A8CE615C870,19DD0C9C4B5C2F
8D8013F1E1021F0000000021B5E8,19DD0D3498212D
8D8013F1F82300020049BC05CD5E,19DD0DCD6EC62F
8D8013F1991016A0B860041693E6,19DD234262F130
8D8013F1582B46D6708CE767F235,19DD2B0210C82E
8D8013F1EA040858013C0825E0B9,19DD2DFCFC082E
8D8013F1991016A0B85C048055EF,19DD460DCC792E
8D8013F1582B46D65A8CE8A824DE,19DD473EE47A2F
8D8013F1991016A0985C04C529C6,19DD65A55E233A
8D8013F1582B36D63C8CEAD80398,19DD6A69CF3E3C
8D8013F1EA040858013C0825E0B9,19DD79E9423C4C
8D8013F1991016A098600453EFCF,19DD8908FA122F
8D8013F1582B26D61C8CEB522758,19DD9161503B2D
8D8013F12218C1F2C7182057DEA3,19DD9FAFC74B37
8D8013F1F82300020049BC05CD5E,19DDA6D6870C37
8D8013F1991016A0785C04E0A910,19DDAB9B9F2541
8D8013F1991016A0785804D89F10,19DDCB6BB9A239
8D8013F1EA040858013C0825E0B9,19DDCC045F063D
8D8013F1582B26D5EA8CEDFA39C0,19DDD161A70525
8D8013F1991016A05858049DE339,19DDEDFDF54D3A
8D8013F1991016A0585C04A5D539,19DE0C9D2E0B25
8D8013F1EA040858013C0825E0B9,19DE188908D338
8D8013F1991015A0385C046F4E10,19DE29398D5935
8D8013F1582B0315FD0ACEB58177,19DE2C3475EA41
8D8013F1991015A0385C046F4E10,19DE46A79FBF3D
8D8013F1E1021F0000000021B5E8,19DE4909FAA998
8D8013F1F82300020049BC05CD5E,19DE4D3620763E
8D8013F1582B06D5828CF13AEEF1,19DE50CA211B2E
8D8013F1EA040848013C089A2992,19DE66D78D8F41
8D8013F1991015A0185C042A3239,19DE68A197FB3A
8D8013F15829F315C50AD0BFC25B,19DE72C3462939
8D8013F1991015A0185804120439,19DE8871ACEA35
8D8013F15829F315AB0AD1CDE9A7,19DE9627464039
8D8013F19910159FF858047BC7B3,19DEA475768436
8D8013F15829E6D5368CF44C8E3A,19DEAE97FA413F
8D8013F1EA040818013C08DAD80E,19DEB5BECA5D3C
8D8013F19910159FF85C0443F1B3,19DEC5770E4337
8D8013F12218C1F2C7182057DEA3,19DEE049B2EB3A
8D8013F19910159FF86004D537BA,19DEE80958F235
8D8013F1F82300020049BC05CD5E,19DEE8A26DE934
8D8013F15829D6D5008CF6A9A6BE,19DEF5BF45984C
8D8013F19910159FF85C0443F1B3,19DF0610201D2D
8D8013F1EA040808013C08651125,19DF0A3C174935
8D8013F19910159FD85803C16BBE,19DF217B206F37
8D8013F15829C6D4C88CF8BCFDBB,19DF3B1C99EC39
8D8013F19910159FD85C04068D9A,19DF4872AD3333
8D8013F1EA040808013C08651125,19DF59235FCF3C
8D8013F15829C3150B0AD8CCE066,19DF5C1E20943D
8D8013F19990159FB85C0458CE9E,19DF63DE05D633
8D8013F15829B314F30AD8E23D5B,19DF7789A8173A
8D8013F19990159FB85C0458CE9E,19DF8315A23D44
8D8013F1F82300020049BC05CD5E,19DF890B8E683E
8D8013F1E1021F0000000021B5E8,19DF8F017C0B31
8D8013F19990159F985C03E26293,19DF9D50085934
8D8013F1EA040808013C08651125,19DFA80A57093D
8D8013F15829B6D46E8CFB53D20B,19DFB062B7F039
8D8013F19990159F985C041DB2B7,19DFB9EC0F943B
8D8013F15829A314B10ADBBC2979,19DFCE69323444
8D8013F19990159F98600374A49A,19DFDCB7B60658
8D8013F15829A6D43C8CFD2F4E06,19DFEF32168646
8D8013F1EA040808013C08651125,19DFF5C028E43F
8D8013F19990159F9860048B74BE,19E0027DCC3E3F
8D8013F1582996D4228CFE1E4CAA,19E0132E45C940
8D8013F19990159F78600351244C,19E023DED4613F
8D8013F1F82300020049BC05CD5E,19E025A8EBFD41
8D8013F12218C1F2C7182057DEA3,19E02B0636BB37
8D8013F158299314650ADE98F98D,19E02C37243246
8D8013F19990159F785804000461,19E04447CC5A3E
8D8013F1EA040808013C08651125,19E04AD6A24641
8D8013F1582986D3F68D007C0611,19E04CA06CBB47
8D8013F19990159F585C03829E6C,19E0604B898046
8D8013F1582986D3DE8D01A82C39,19E068A47BE938
8D8013F19990159F585C03829E6C,19E079ECFBD933
8D8013F1582976D3CA8D02540496,19E086AA7D0530
8D8013F1EA040808013C08651125,19E099BDB6003B
8D8013F1582976D3B08D03CC3A7E,19E0A5109C1B3A
8D8013F1582966D3928D045D9211,19E0CAD7711F2F
8D8013F1F82300020049BC05CD5E,19E0CCA0B8F72E
8D8013F1E1021F0000000021B5E8,19E0D9BE04CC3A
8D8013F19990159F185C0308663E,19E0DFB3F4EF34
8D8013F1582966D37A8D05E944C6,19E0E9D5A57E38
8D8013F19990159F185C0308663E,19E0FA868E6C2F
8D8013F158295313B30AE59CD3C2,19E10DD2B61832
8D8013F19990159F1860039EA037,19E11E82C6E63E
8D8013F1582956D3488D073B3D46,19E12B0744DF3D
8D8013F1EA040808013C08651125,19E138BCD4044C
8D8013F1582946D32C8D080CE491,19E1516621EF2E
8D8013F19990159EF85C03061BBB,19E1617DFA5A50
8D8013F1F82300020049BC05CD5E,19E166432A8F36
8D8013F19990159EF85C03061BBB,19E181E758122D
8D8013F1EA040808013C08651125,19E18E6B72EC3B
8D8013F19990159ED85C03436792,19E1A0E5B7F639
8D8013F1582936D2E68D0B5E4105,19E1AB07EF9734
8D8013F19990159ED85C03436792,19E1C318A24E2B
8D8013F1582923131F0AEBF94AAB,19E1CF045BA324
8D8013F1EA040808013C08651125,19E1DE83C0E630
8D8013F19990159ED85C03436792,19E1E51240A336
8D8013F1582926D2B28D0D0E248E,19E1F0657A6B3B
8D8013F1F82300020049BC05CD5E,19E20613D1CB2E
8D8013F19990159ED85C03436792,19E2074565C22B
8D8013F1E1021F0000000021B5E8,19E20F04AE091F
8D8013F1582926D2988D0EC1BA3F,19E210CEE6E822
8D8013F19990159EB85C038CE3E9,19E222B0A60B34
8D8013F1EA040808013C08651125,19E22E038B1C32
8D8013F1582916D2808D0FDC5D0E,19E23065C4C336
8D8013F1582916D2688D10683F40,19E2533129F528
8D8013F19990159E9860035F59C9,19E269D799012D
8D8013F158290312A30AF0675906,19E26E03B83731
8D8013F1EA040808013C08651125,19E279EF8DAF2C
8D8013F19990159E985C03C99FC0,19E286147A8E26
8D8013F1582903128B0AF1B3732E,19E28F05569D2F
8D8013F19990159E785C03EC1F16,19E2A5AC14E337
8D8013F1F82300020049BC05CD5E,19E2A8A736952B
8D8013F15827F3126D0AF33BEB0F,19E2B2308CC239
8D8013F12218C1F2C7182057DEA3,19E2B78DD40634
8D8013F19990159E785C03EC1F16,19E2C319E88A39
8D8013F1EA040808013C08651125,19E2CD3BDE4039
8D8013F15827F6D2028D1463D80D,19E2D927AEC62F
8D8013F19990159E785C0213EB1F,19E2DCBB8D7C39
8D8013F15827E6D1EA8D159BA5CF,19E2F5C414FB3A
8D8013F19990159E785C03EC1F16,19E30281981B33
8D8013F15827E6D1D28D1692D7EC,19E316C5F4C030
8D8013F1EA040808013C08651125,19E3192820BA2F
8D8013F19990159E585C02569736,19E3247B6D8E33
8D8013F15827D6D1C08D17FA3A57,19E32F3645E03A
8D8013F19990159E585C03A9633F,19E34150F4FC38
8D8013F1F82300020049BC05CD5E,19E34877CB7141
8D8013F15827D6D1AC8D1893ED68,19E34CA41DAD2F
8D8013F1E1021F0000000021B5E8,19E353CB5ED33B
8D8013F19990159E385C0299134D,19E35F1E64E940
8D8013F15827C311E30AF841DE87,19E366454A4343
8D8013F1EA040808013C08651125,19E36A716D9F3F
8D8013F19990159E385C0366E744,19E37958503736
8D8013F15827C311D10AF93DBA35,19E38282345B3B
8D8013F19990159E3860020FD544,19E39F1E8BDA35
8D8013F15827B6D1568D1B422176,19E3BA8A11B72E
8D8013F19910159E385C03F7203B,19E3C4E52E062C
8D8013F15827B6D1428D1C57E446,19E3D890548F35
8D8013F1F82300020049BC05CD5E,19E3E34B02282B
8D8013F12218C1F2C7182057DEA3,19E3F100CC4336
8D8013F15827A311790AFCA046C6,19E3F199847429
8D8013F19910159E1858038A6A12,19E40747AF5534
8D8013F15827A311650AFDDB05D3,19E40F9FC48D36
8D8013F1EA040808013C08651125,19E410386C623F
8D8013F15827A311530AFE902C7E,19E4277762FA24
8D8013F19910159DF858022C1938,19E429419CC42D
8D8013F19910159DF860037D1D38,19E449119D403D
8D8013F158279311350AFFDD50AA,19E44F0781BB35
8D8013F19910159DF85C02142F38,19E466DF2CCB29
8D8013F1F82300020049BC05CD5E,19E481EB3AC226
8D8013F19910159DF85C02142F38,19E4831C7DAC2A
8D8013F1E1021F0000000021B5E8,19E48B7450BA2B
8D8013F1582786D0B48D22F8A45C,19E49891600434
8D8013F158278310E90B0329ABE8,19E4B363E81C31
8D8013F19910169DD860033D7E43,19E4C4E6A35133
8D8013F158277310D10B04C93454,19E4D62F38CC46
8D8013F19910169DB85C029BC838,19E4DD565DA049
8D8013F1582766D06E8D2516BF54,19E4F65F385030
8D8013F19910169DB85C029BC838,19E5044DD97C3E
8D8013F1582766D0568D261FCD77,19E51891F40745
8D8013F19910169DB85C029BC838,19E51E880A6E3F
8D8013F1F82300020049BC05CD5E,19E51F2082A831
8D8013F158275310830B071B9146,19E53829787230
8D8013F12218C1F2C7182057DEA3,19E5395A81FC2F
8D8013F1EA040808013C08651125,19E54DD7F8D643
8D8013F1582753106B0B08AF13D0,19E55AF49EE63D
8D8013F19910169D986002487218,19E562B4A71144
8D8013F1582756D00C8D2A6CC6C5,19E57A8C55CB37
8D8013F19910169D985C02DEB411,19E580227C2F35
8D8013F19910169D985C02DEB411,19E59B8D8D983E
8D8013F1582746CFF48D2BF9DDE1,19E59DEFE0E136
8D8013F1EA040808013C08651125,19E59E88908730
8D8013F19910169D985C02DEB411,19E5C0BBAF0E33
8D8013F1F82300020049BC05CD5E,19E5C1ECCBE23F
8D8013F1E1021F0000000021B5E8,19E5C44F342A43
8D8013F158273310070B0C9AB6D1,19E5E0529C9942
8D8013F19910159D785C02FE2B95,19E5E183C36F47
8D8013F1582726CFA88D2EABB4D0,19E6074A1D192C
8D8013F19910159D785C0101C387,19E619C4ECCE45
8D8013F15827230FD90B0E99C048,19E621841BEF45
8D8013F19910159D785802C61D95,19E64154DDE634
8D8013F15827130FC10B0F842779,19E64285C29334
8D8013F1EA040808013C08651125,19E6431E606639
8D8013F15827130FAD0B10ED109E,19E65B8E7F8944
8D8013F1F82300020049BC05CD5E,19E6634E330D50
8D8013F19910159D585C02BB57BC,19E6647FBB7B47
8D8013F12218C1F2C7182057DEA3,19E686B22B4546
8D8013F19910159D5860022D91B5,19E687E3A7CC44
8D8013F1EA040808013C08651125,19E68F0A66544A
8D8013F1582706CF3A8D32E6ADAD,19E69D58942744
8D8013F19910149D585C02B85D72,19E6A9DD033C3D
8D8013F15827030F670B1337A219,19E6B95C63EB35
8D8013F19910149D585C02B85D72,19E6CC0FC5C936
8D8013F15825F30F4F0B141FC198,19E6DA5DFD9E3F
8D8013F1EA040808013C08651125,19E6DE8A255F36
8D8013F19910149D385C0188311B,19E6ECD8594C44
8D8013F15825F6CEF48D35EC4A2F,19E701557D2437
8D8013F1F82300020049BC05CD5E,19E709152D6C54
8D8013F1E1021F0000000021B5E8,19E70C10450B3B
8D8013F19910149D385C0188311B,19E710D52F0035
8D8013F1EA040808013C08651125,19E72FD38E574C
8D8013F19910149D385C0277D909,19E73367811152
8D8013F15825E6CECA8D37069963,19E73662175B33
8D8013F19910149D185C01CD4D32,19E75763A7B83D
8D8013F15825E6CEAE8D3801EC54,19E75D59854D4C
8D8013F19910149D185C0232A520,19E7766269C144
8D8013F15825D30EDB0B19AAC8E1,19E778C4D24840
8D8013F1EA040808013C08651125,19E7845107443D
8D8013F19910139D185C01C47958,19E793380E6C3C
8D8013F15825D6CE868D3984335C,19E797FC95FD50
8D8013F1F82300020049BC05CD5E,19E7A519C21637
8D8013F19910139D185C023B914A,19E7B1059B2842
8D8013F12218C1F2C7182057DEA3,19E7D16E6F4D2E
8D8013F15825C6CE5C8D3B7C31C2,19E7D3384A6B3D
8D8013F19910139CF85881F5341D,19E7D3D145B02A
8D8013F15825B30E810B1CD45856,19E7F19ECB6735
8D8013F19910139CF85C01CA04DD,19E7F6630DA239
8D8013F19910139CF85C81CD021D,19E8159AE55C31
8D8013F15825B6CE2A8D3DD16AA2,19E817649E0F38
8D8013F1EA040808013C08651125,19E822B8549928
8D8013F19910139CF85C01CA04DD,19E833685AE738
8D8013F15825A30E4F0B1EC64FDC,19E838C5DC4635
8D8013F1F82300020049BC05CD5E,19E8458330483D
8D8013F1E1021F0000000021B5E8,19E8559B4DFA3E
8D8013F19910139CD85C81887E34,19E85633C3F228
8D8013F15825A6CDFC8D3F0C9CC5,19E8592EE94D2F
8D8013F1EA040808013C08651125,19E8706DC0573B
8D8013F1582596CDE48D40138DBD,19E875328A501F
8D8013F1582596CDD28D40A74C02,19E893395DB036
8D8013F19910139CD85C81887E34,19E89C29F0431F
8D8013F15825830DF50B2122A6D7,19E8B40198A325
8D8013F1EA040808013C08651125,19E8C157BFF023
8D8013F19910139CD85C018F78F4,19E8C3BA0A312E
8D8013F15825830DDF0B22ED3866,19E8D634748533
8D8013F19910139CB85C8147FA4F,19E8DDF412CB2F
8D8013F19910139CB86001D63A86,19E90452F8E32F
8D8013F12218C1F2C7182057DEA3,19E90FA648C349
8D8013F15825730DB10B24891617,19E913D2DD582B
8D8013F19910139CB85C0140FC8F,19E9264CADDD2A
8D8013F15825730D990B255D3C3F,19E93369AEBF23
8D8013F1582566CD468D464EAC3F,19E956CE19F426
8D8013F1582556CD2E8D47418B65,19E97665063622
8D8013F1F82300020049BC05CD5E,19E984539A0535
8D8013F1E1021F0000000021B5E8,19E98C13BFBB25
8D8013F19910139CB86001D63A86,19E98F0E45AA26
8D8013F1EA040808013C08651125,19E9ABAB2CF529
8D8013F19910129C986001904C61,19E9AC43707320
8D8013F1582546CD028D489208E8,19E9B5CCD6021E
8D8013F1582546CCEA8D490D236C,19E9D7FF67AB2A
8D8013F15825330D0B0B2A4CC7C8,19E9F9F922CF1F
8D8013F1EA040808013C08651125,19E9FB2A507B21
8D8013F19910129C786081B2CA77,19EA13D428F225
8D8013F15825330CF30B2B0EA85C,19EA1C2BDE3821
8D8013F1F82300020049BC05CD5E,19EA2221D9091B
8D8013F19910129C785C81240C7E,19EA2EA68C2C17
8D8013F15825230CDD0B2CC6F33F,19EA379764253D
8D8013F1EA040808013C08651125,19EA4C1446312D
8D8013F19910139C785C82D8EEA2,19EA546C9AA428
8D8013F12218C1F2C7182057DEA3,19EA55052F3019
8D8013F15825230CC50B2D8AE12E,19EA5C2C2EAA26
8D8013F15825130CAB0B2EA923E9,19EA8323D4172C
8D8013F19910129C585C829E9845,19EA9931961D28
8D8013F15825130C970B2F971CD5,19EA9AFB51AE26
8D8013F1582516CC488D4F4BC827,19EABA9303051C
8D8013F1F82300020049BC05CD5E,19EAC4EE4A8B25
8D8013F1582506CC368D50D4BFB2,19EAD801265350
8D8013F19910129C585C829E9845,19EADD5E11BB2F
8D8013F1EA040808013C08651125,19EAE78013E533
8D8013F15825030C590B3185A3DD,19EAF1A274B823
8D8013F19910129C385C82511C3E,19EB16D031C839
8D8013F15823F6CC0A8D52C27542,19EB176876FB39
8D8013F1EA040808013C08651125,19EB3404EC8121
8D8013F19910129C385C81AEF42C,19EB38C9AC4946
8D8013F15823F30C270B330239FD,19EB3962436525
8D8013F15823E30C130B34622C04,19EB56378FFD2A
8D8013F1EA040808013C08651125,19EB87512B4F28
8D8013F15823D6CBB48D55BF6905,19EB92A456FE23
8D8013F12218C1F2C7182057DEA3,19EB93D5E55821
8D8013F19910129C185C82146017,19EB9932E84026
8D8013F19910129C185C81EB8805,19EBBA94716A19
8D8013F15823C6CB848D5717E1C7,19EBD93335F222
8D8013F19910129C185C82146017,19EBDCC7156320
8D8013F15823C6CB6E8D58B8CBD3,19EBF49ED3DC37
8D8013F1F82300020049BC05CD5E,19EC03BE4C8630
8D8013F15823B30B870B39BC6C37,19EC1B95D3A32E
8D8013F19910129C185C82146017,19EC1F296C175B
8D8013F1EA040808013C08651125,19EC2781B7B128
8D8013F15823B30B6D0B3A130E79,19EC41F541B714
8D8013F15823A6CB268D5AFF67D2,19EC5D6003C725
8D8013F19910129BF85C82E21278,19EC605B3A3928
8D8013F19910129BF85C82E21278,19EC78CB54AA18
8D8013F19910129BF85C82E21278,19EC9508079529
8D8013F15823A6CB008D5C96C650,19EC976A69175B
8D8013F1582396CAEA8D5D43B076,19ECB669237F36
8D8013F1EA040808013C08651125,19ECC9B513FE27
8D8013F12218C1F2C7182057DEA3,19ECD46FE6B323
8D8013F19910129BD85C82A76E51,19ECD6D26EB82D
8D8013F1582396CAD28D5E4AC255,19ECD93470761D
8D8013F19910129BD8608231A858,19ECF23DBAE723
8D8013F1582386CAA68D5FA00BD3,19ED189C2A2929
8D8013F15823730AC10B418B625D,19ED32D6386113
8D8013F19910129BD86081CE404A,19ED4CB0C08A22
8D8013F1E1021F0000000021B5E8,19ED4D49577820
8D8013F15823730AAB0B42CE04BE,19ED5470676C27
8D8013F1EA040808013C08651125,19ED67834FD641
8D8013F1582366CA648D62FCBBDC,19ED7702B2591D
8D8013F19910129BB85C8268EA2A,19ED891D8BF031
8D8013F15823630A7F0B438BB5BC,19ED9470C73F2F
8D8013F19910129BB85C8268EA2A,19EDA81C29892A
8D8013F19910129BB85C8268EA2A,19EDCCB14BD333
8D8013F15823530A530B45C6EB94,19EDD509924C35
8D8013F1F82300020049BC05CD5E,19EDE2BF90B529
8D8013F19910129BB8588250DC2A,19EDE783F55D30
8D8013F1582356CA0E8D65E81029,19EDF5D2498432
8D8013F1EA040808013C08651125,19EE091E44053E
8D8013F19910129BB85C8268EA2A,19EE0A4F5A0232
8D8013F15823430A250B47C86282,19EE1471BA6943
8D8013F19910129B986082BB500A,19EE23F0ADA837
8D8013F15823430A130B477CA33D,19EE2E12C28E31
8D8013F19910129B985C822D9603,19EE46BC1F7D41
8D8013F158233309F90B483CC87C,19EE55A2DA4A47
8D8013F1EA040808013C08651125,19EE589DDD2935
8D8013F19910129B985C822D9603,19EE68B614BC33
8D8013F158233309DF0B49AAB9DA,19EE78CDBC0530
8D8013F1F82300020049BC05CD5E,19EE8623C54A3B
8D8013F19910129B985C822D9603,19EE8FAD3C5D42
8D8013F1E1021F0000000021B5E8,19EE95A335B831
8D8013F158232309C90B4A9440BE,19EE9C31B38144
8D8013F1EA040808013C08651125,19EEA94EA7B13F
8D8013F19910129B7860829ED0DC,19EEAEAC4D3233
8D8013F158231309AF0B4BD93C6A,19EEC290A2A235
8D8013F19910129B785C83F7E2DC,19EED50ADC6047
8D8013F19910129B785C820816D5,19EEF2D86DBF2E
8D8013F1EA040808013C08651125,19EEF7048C8823
8D8013F1582306C9568D6CA09293,19EF058BCBF424
8D8013F19910129B785C83F7E2DC,19EF1177A7F544
8D8013F1582306C9408D6DAEDB0C,19EF252325D544
8D8013F19910129B785C820816D5,19EF2EAD23FB2F
8D8013F1EA040808013C08651125,19EF4AE9D53149
8D8013F19910129B5860832458FC,19EF52A93BBD42
8D8013F12218C1F2C7182057DEA3,19EF5F2D961237
8D8013F19910129B5860832458FC,19EF6B199E812E
8D8013F15821F309370B50B3671D,19EF6BB2527C3D
8D8013F15821E309210B5072766B,19EF8F165BCB2F
8D8013F19910129B585C824D6AFC,19EF9047148536
8D8013F1EA040808013C08651125,19EF99D0ECD32D
8D8013F19910119B585C83B781A7,19EFB0770CF438
8D8013F19910119B585C824875AE,19EFCCB3DBF331
8D8013F1E1021F0000000021B5E8,19EFD2112FBA38
8D8013F1EA040808013C08651125,19EFE6EDF38236
8D8013F15821D308E30B538CC277,19EFE81F73F141
8D8013F19910119B5860832147AE,19EFECE3CBE72F
8D8013F19910119B585C824875AE,19F00C1C074C3F
8D8013F15821C308C90B5473C810,19F00F169B2637
8D8013F19910119B385C837805DC,19F025BD5D6346
8D8013F15821C6C8908D7395B28D,19F029E9247644
8D8013F1EA040808013C08651125,19F0353C67563C
8D8013F19910119B385C8287F1D5,19F0462601213D
8D8013F15821C6C87A8D743AE8F5,19F04C1BDD2F3E
8D8013F19910119B385C837805DC,19F06229DD8731
8D8013F1F82300020049BC05CD5E,19F0681FA7D241
8D8013F15821B6C8648D75C945C2,19F069E96A683D
8D8013F19910119B3860821137DC,19F083C421EE36
8D8013F1EA040808013C08651125,19F08AEBA01D3C
8D8013F15821B6C84A8D76318A77,19F091799CC031
8D8013F12218C1F2C7182057DEA3,19F099393FD83C
8D8013F15821A6C8348D77AE497B,19F0AFE02D8B30
8D8013F1582193082B0B59404377,19F0F1AA20E539
8D8013F19910119B185C833D79F5,19F106276F663A
8D8013F1F82300020049BC05CD5E,19F107F1210436
8D8013F1582196C7F08D79DBA9C9,19F11808CD2039
8D8013F1E1021F0000000021B5E8,19F11C34E4183E
8D8013F1EA040808013C08651125,19F12A8306B03A
8D8013F158218307FB0B5BBEA74B,19F13A027C8C39
8D8013F19910119B185C833D79F5,19F1458EB66A35
8D8013F158217307E10B5C00EC5C,19F1619281B92F
8D8013F19910119AF85C83330470,19F16820F3CB30
8D8013F1EA040808013C08651125,19F178D1D8FF27
8D8013F158217307CB0B5DCF6EF6,19F1829421492D
8D8013F1582166C7928D7DE668AF,19F1A2C452E925
8D8013F1F82300020049BC05CD5E,19F1A821605028
8D8013F19910119AF85C83330470,19F1AA83AD4028
8D8013F158216307A10B5EBAA4F5,19F1C45E483630
8D8013F1EA040808013C08651125,19F1C922F07E2B
8D8013F19910119AF86083A5C279,19F1D04A037F33
8D8013F12218C1F2C7182057DEA3,19F1E0FA836230
8D8013F1582163078B0B5F75265F,19F1E22BB6AC33
8D8013F19910119AF86083A5C279,19F1EE17CBFC23
8D8013F158215307710B60579C13,19F207F25F9F2D
8D8013F19910119AF85C83330470,19F2104A522C24
8D8013F1EA040808013C08651125,19F215A7CB8C1F
8D8013F1582153075B0B61981EB9,19F2278975DF18
8D8013F1582146C7288D807A1FEA,19F246C11B1F2B
8D8013F19910119AD85C83767859,19F24DE8990F2F
8D8013F1F82300020049BC05CD5E,19F24F19D4672D
8D8013F1EA040808013C08651125,19F2622C615351
8D8013F1E1021F0000000021B5E8,19F265C03F7C2F
8D8013F1582143072F0B6272CB24,19F268224CB41E
8D8013F19910119AD85C83767859,19F26953701E21
8D8013F19910119AD86083E0BE50,19F28AEE03EE21
8D8013F1582136C6F88D827F00ED,19F28CB764EB25
8D8013F19910109AD85C83757297,19F2AB1D992E26
8D8013F158212307010B64D622EE,19F2ACE753D522
8D8013F1EA040808013C08651125,19F2AE1885783B
8D8013F19910109AD85C83757297,19F2CC1F28A128
8D8013F158212306EB0B6552A1E8,19F2D04B44E829
8D8013F1F82300020049BC05CD5E,19F2E6F1BB4820
8D8013F19910109AB85C83BAF6EC,19F2EE18DAFB24
8D8013F1582126C6B48D85637777,19F2F113C18822
8D8013F1EA040808013C08651125,19F3003398FC29
8D8013F19910109AB85C83BAF6EC,19F30AEEA6C527
8D8013F1582116C6A08D85D89743,19F312ADF8D02B
8D8013F19910109AB86084D3E0C1,19F32528452C21
8D8013F1582116C68E8D862058F6,19F32A858FDB25
8D8013F19910109AB85C83BAF6EC,19F3432EF8C032
8D8013F1EA040808013C08651125,19F34DE9E16E2C
8D8013F1582106C6768D877966D1,19F350E528B931
8D8013F19910109AB86084D3E0C1,19F35FCB9F9729
8D8013F1582106C6648D87BF8A43,19F36B1E87D423
8D8013F19910109AB860832C30E5,19F38296A44A37
8D8013F1F82300020049BC05CD5E,19F38AEF738B3A
8D8013F1581FF306690B6AB5BE94,19F3904C45703E
8D8013F1EA040808013C08651125,19F39A6EAB653B
8D8013F19910109A986084969CE8,19F3A2C6E5B92A
8D8013F1581FF306550B6A7475A1,19F3ACE8937944
8D8013F1581FE6C6228D8A5ED1FF,19F3D2AEE7E33C
8D8013F199100F9A986084B75212,19F3E35F776620
8D8013F1581FE6C60C8D8BA60251,19F3F07C872D19
8D8013F199100F9A986083488236,19F403C8924833
8D8013F1581FD3060F0B6DC84A8D,19F414790FF93B
8D8013F1F82300020049BC05CD5E,19F423F86CFE2D
8D8013F1EA040808013C08651125,19F43377CDDC3B
8D8013F199100E9A985C83DD4EF1,19F4488D916B36
8D8013F1581FC6C5CC8D8C2470BF,19F4517E646239
8D8013F199100B9A986084BB792A,19F4665B1FDC16
8D8013F12218C1F2C7182057DEA3,19F46B1FCD451B
8D8013F1EA040808013C08651125,19F483C9301F11
8D8013F199100B9A9864837C9F0E,19F48B88CB2945
8D8013F1581FB6C5A28D8DC51DE3,19F490E6CC4747
8D8013F1581FB6C5928D8D5D25DA,19F4A8BE382B36
8D8013F1F82300020049BC05CD5E,19F4C200000542
8D8013F1581FA305990B6F3CAEF8,19F4C9BF92C242
8D8013F19910019A9864849D0CC6,19F4D2B031C84B
8D8013F1EA040808013C08651125,19F4D512CD9448
8D8013F1E1021F0000000021B5E8,19F4E360F4BF3F
8D8013F19910019A98648362DCE2,19F50E84702466
8D8013F1581F86C52E8D8CD8EB6B,19F54594201941
8D8013F19914089A986484AD2022,19F5492760D841
8D8013F1EA040808013C08651125,19F577A5D1523A
8D8013F1581F76C5088D8BA76B49,19F580CF83693D
8D8013F19914199A586485018EFA,19F59349BB343F
8D8013F12218C1F2C7182057DEA3,19F5AE1C5A4E3B
8D8013F1581F76C4DE8D88E23F61,19F5BB394D8442
8D8013F19914239A386085B98A4D,19F5D34A0F8E42
8D8013F1581F6304DD0B6712AA18,19F5DFCED2AE3B
8D8013F1581F66C4B48D8468552A,19F5FAA172263D
8D8013F1F82300020049BC05CD5E,19F609C100C93E
8D8013F199142B99F85C852BE13E,19F61180953C3F
8D8013F1EA040808013C08651125,19F6180F29BA3A
8D8013F1581F56C4908D804BB511,19F6370DD2CC3D
8D8013F1581F46C4648D7B4EB085,19F680381FFB3F
8D8013F1991439997854858730EF,19F6980FC6A64C
8D8013F1F82300020049BC05CD5E,19F6A231D9E621
8D8013F1581F36C44C8D77F6605E,19F6A2CABCD124
8D8013F1EA040808013C08651125,19F6B70E8EC935
8D8013F1581F36C4368D746E42AD,19F6C62E6D4138
8D8013F199143E99384C859448D7,19F6D47C8DE549
8D8013F1581F2304330B52492F97,19F6E828148F25
8D8013F12218C1F2C7182057DEA3,19F6F414060C2E
8D8013F199143E99384C846BBCDE,19F6F7A7BD722F
8D8013F1581F23041F0B4FAAFC39,19F70A5AE1CB35
8D8013F1EA040808013C08651125,19F70AF3CCB429
8D8013F199144199185085FB9244,19F71CD57E2B37
8D8013F1581F26C3FC8D6B67AA11,19F72494D2E530
8D8013F199144199184C84ACE44D,19F7416A45452B
8D8013F1F82300020049BC05CD5E,19F744655E2D3B
8D8013F1581F16C3E88D6823A237,19F7462F145F41
8D8013F1EA040808013C08651125,19F759DAD53443
8D8013F1E1021F0000000021B5E8,19F75C3CE2E842
8D8013F199144398D85085B68674,19F75E06A32C3E
8D8013F1581F1303E30B4589A01D,19F765C6AADB2C
8D8013F199144498D85085BFB21E,19F796E064F034
8D8013F199144498D85085BFB21E,19F7B24B07431B
8D8013F1581F0303A70B3B0653E2,19F7C7F9B8B94B
8D8013F199144498D85484787017,19F7D051BE8032
8D8013F1F82300020049BC05CD5E,19F7DE9FE19533
8D8013F1581DF303850B345B4A85,19F8046643BB2E
8D8013F1991446989858854333D0,19F81516D8DB33
8D8013F1581DE303610B2E79BB18,19F838DA51842F
8D8013F199144698985C8484F1D9,19F84E88978E36
8D8013F1581DD6C32C8D4727F690,19F87546FDD934
8D8013F1EA040808013C08651125,19F89CD770562C
8D8013F1581DC6C3068D40D8FCF7,19F8B67871382C
8D8013F199144798785C84A27BC1,19F8CCBF6C7625
8D8013F1581DC6C2F68D3E09332B,19F8D34DEB0A2B
8D8013F1581DB6C2DE8D394E7B8E,19F8F547B37D24
8D8013F199144898785C84B319DB,19F90FBAE4751B
8D8013F1581DA302C70B13EDE9F2,19F932E5AA7B15
8D8013F1EA040808013C08651125,19F93B3DFFAA2A
8D8013F199144998585C850A9B35,19F9534E978725
8D8013F1581D96C28E8D2B7862CF,19F97B3E49D327
8D8013F1581D8302710B03D295F8,19F9C20669DE46
8D8013F1F82300020049BC05CD5E,19F9C5018EDB28
8D8013F199144A9858608666AA7C,19F9D0ED34F623
8D8013F1E1021F0000000021B5E8,19F9D480740124
8D8013F199144A9858608599426E,19F9F24DF70839
8D8013F1581D76C23E8D1C2DD65E,19FA059A1D3D2E
8D8013F199144A98385C863FE80E,19FA12B6F46F46
8D8013F1581D76C22A8D18C7FB7C,19FA236784312C
8D8013F1581D63021F0AF4724A28,19FA48952F6E26
8D8013F1581D63020F0AF150C207,19FA610565C315
8D8013F1EA040808013C08651125,19FA78DD216D22
8D8013F1581D56C1F48D0E2582DD,19FA80D604D127
8D8013F199144A98385C863FE80E,19FA90EE329023
8D8013F12218C1F2C7182057DEA3,19FAAFEC926525
8D8013F199144A98385C85C0001C,19FAB418BB2F38
8D8013F1581D4301D50AE67A1EAB,19FAC2A0211F27
8D8013F199144A98386086A92E07,19FADB10325829
8D8013F1581D46C1BA8D032231B2,19FADF3C5EDC32
8D8013F199144A98385C85C0001C,19FAF7AE0B6618
8D8013F1581D36C1A48CFF25899E,19FB059B5D5E28
8D8013F1F82300020049BC05CD5E,19FB0DF3E3A02D
8D8013F1581D36C1948CFC4259B5,19FB1E0B7F601E
8D8013F199144A98385C863FE80E,19FB311E96E819
8D8013F1581D33018B0AD8FDCAEE,19FB38457FDC37
8D8013F199144A98385C85C0001C,19FB4E8C694737
8D8013F1581D23017B0AD5CA1E9B,19FB564C27791E
8D8013F1581D2301670AD14E91B1,19FB72E8858F2D
8D8013F199144A9818608513BA3C,19FB846AB55D2E
8D8013F1581D1301550ACE63B4BA,19FB95B57D9748
8D8013F199144A98185C867A9427,19FBA06E7BF913
8D8013F1581D16C1388CEB2ABB01,19FBB5E3C4DB2C
8D8013F1EA040808013C08651125,19FBB714E65233
8D8013F199144A98185C85857C35,19FBC0D7998A28
8D8013F199144A98185C867A9427,19FBF381B98831
8D8013F1581D06C1128CE4D5C10A,19FBF67CBCA52C
8D8013F1E1021F0000000021B5E8,19FC58AFC9E731
8D8013F1EA040808013C08651125,19FC5A7985C630
8D8013F199144A98185C85857C35,19FC738263D21F
8D8013F1581BE300C90AB30CF9DD,19FC7978569430
8D8013F1EA040808013C08651125,19FCA82F8B922E
8D8013F199144A97F85C85D310CB,19FCB54C83D939
8D8013F1581BD6C09A8CCD329B37,19FCC59DAA6B54
8D8013F199144A97F85C862CF8D9,19FCD817CF5922
8D8013F1F823000200497C0148FE,19FCE36B16221D
8D8013F1EA040808013C08651125,19FCF54CD2183B
8D8013F199144A97F85C85D310CB,19FCF847BCDC3D
8D8013F12218C1F2C7182057DEA3,19FD2F5791AE33
8D8013F199144A97F85C85D310CB,19FD3A12145E38
8D8013F1581BB300510A9C5965F0,19FD446D340931
8D8013F199144A97F85C85D310CB,19FD80D9C91C2E
8D8013F1581BA3002B0A95F18794,19FD83D4B0362F
8D8013F1F823000200497C0148FE,19FD86CFAA0D27
8D8013F1EA040808013C08651125,19FD951DD53027
8D8013F199144A97F85C85D310CB,19FDC6CFFC341E
8D8013F1581B9300010A8D9094A3,19FDC9CAF1F419
8D8013F1581B82FFDF0A8611B71E,19FE046E2FAF23
8D8013F199144A97F85C85D310CB,19FE0932A53E44
8D8013F1EA040808013C08651125,19FE34B629DC28
8D8013F199144A97D85C866984F0,19FE446E4D3928
8D8013F1581B76BFB68CA27B47A8,19FE459F719E30
8D8013F199144A97D85C866984F0,19FE83D616CB24
8D8013F1581B66BF8C8C9AA788FF,19FE8C2E55072A
8D8013F199144A97D85C866984F0,19FEBB45048A20
8D8013F1F823000200497C0148FE,19FEC20CE0D52B
8D8013F1581B52FF670A7080250E,19FEC802C53121
8D8013F1EA040808013C08651125,19FED781D57D32
8D8013F1E1021F0000000021B5E8,19FEE36DB38129
8D8013F199144A97D85C866984F0,19FF033DFFCC28
8D8013F1581B32FF130A6006BEF9,19FF54876CEA23
8D8013F1EA040808013C08651125,19FF71BCCE1527
8D8013F1581B26BEF28C7C1B3DF4,19FF90F4938F25
8D8013F199144A97B85C86A6008B,19FFB41F253724
8D8013F12218C1F2C7182057DEA3,19FFB4B817C121
8D8013F1581B12FECF0A535698F3,19FFC9CD9F8042
8D8013F199144A97B85C86A6008B,19FFF386DCB732
8F8013F12218C1F2C7282039A05A,1D4BD3F4C84431
8F8013F1580D531FA306B53AA1C4,1D4C0213AACF13
8F8013F19910101230249002599E,1D4C75EF9D542D
8F8013F1580D56DF6488ED24AE2A,1D4CA1AB487035
8F8013F199101012502090F5EBE5,1D4CB38D37CB40
8F8013F1EA0BD800013C08606FFC,1D4CC5A7F6D535
8F8013F1580D631FFD06BA811360,1D4CC771AAA539
8F8013F1580D66DF8488EF50C7C7,1D4CE7A193B338
8F8013F1991010129018903BE713,1D4D31C3EBFB15
8D8013F1EA0BD800013C08D08D0C,1D4EA07CAD2718
8D8013F199100F13103C906D40EE,1D4EAE3245A238
8D8013F199100F13104090870EF5,1D4ED0650D9E1F
8D8013F1580D9320F706C6E387BD,1D4ED35FF57317
8D8013F1580D93210306C607EF2C,1D4EEBD036F339
8D8013F1580DA3211F06C8D2F951,1D4F24A9742513
8D8013F199100F131050919822FC,1D4F7429129819
8D8013F1580DB3214906CA990C6E,1D4F817F2C872E
8D8013F19910101310509046180F,1D4F96F4DCDE36
8D8013F1F82300020049BC05CD5E,1D4F98BE30EA17
8D8013F12218C1F2C728208942AA,1D4F9EB4577F15
8D8013F1580DB3215906CA44487E,1D4FA07DDBF21C
8D8013F199101013104C90EE9A0F,1D4FAECC1C3416
8D8013F1580DB6E0D888FF2A4594,1D4FBAB7F9CA37
8D8013F1580DC6E0E68900976983,1D4FDBB9A4081D
8D8013F1EA0BD800013C08D08D0C,1D4FDE1C65AB17
8D8013F199101113104890D5A6C1,1D501C52693933
8D8013F1991011131044909DFCC1,1D5038EF1ED519
8D8013F1580DD6E11489026F486F,1D503AB8946412
8D8013F1580DD321B106CF534CDF,1D5059F0809125
8D8013F1580DD321C106D0BECC24,1D50785680561D
8D8013F1EA0BD800013C08D08D0C,1D5078EF993520
8D8013F1580DE6E13E8905F11BC8,1D50965D159518
8D8013F1991013133034907C816F,1D509827A84B1E
8D8013F1580DE6E14C8906079B33,1D50B4C365AD15
8D8013F19910131330389034DB6F,1D50B856E34717
8D8013F1F82300020049BC05CD5E,1D50D9586B9518
8D8013F1580DE6E1608907E4E01F,1D50DB22AA501F
8D8013F1580DF3220306D4D8FE5A,1D510219C2611B
8D8013F199101313302C90EC356F,1D5102B2611F23
8D8013F1EA0BD800013C08D08D0C,1D511958B33D21
8D8013F199101313503490B30514,1D511B22D2B81E
8D8013F1580DF6E1808909F19868,1D512118B8D833
8D8013F1E1100200000000BE17CB,1D5128D883203C
8D8013F199101313504C90617D0F,1D513AB9D9D51E
8D8013F1580F03222506D64D0A6A,1D514777668A1F
8D8013F199101213505C9082AFC1,1D516249F4EB21
8D8013F1580F03223306D74343F5,1D516544E2DB20
8D8013F1580F06E1AE890B0ACE50,1D5183E41C361E
8D8013F1991012135040902A2DC1,1D51877792BB22
8D8013F1580F06E1BE890C285A64,1D51A11959FA25
8D8013F199101213503490B00FDA,1D51A7A7799628
8D8013F1EA0BD800013C08D08D0C,1D51B4C4877828
8D8013F1580F16E1CE890DF5C2E6,1D51C515A21428
8D8013F199101213504491EDEFC8,1D51C8A9156C20
8D8013F1580F16E1DA890EE03FE0,1D51DD85C92625
8D8013F199101113505490F7DC93,1D51E4149F5122
8D8013F199101113506091EE8293,1D5201826C5124
8D8013F1580F23227F06DBF15931,1D5202B3945F1F
8D8013F12218C1F2C728208942AA,1D520D6E370B21
8D8013F1F82300020049BC05CD5E,1D521BBC620F3D
8D8013F199101013506090127C54,1D521CED7B671E
8D8013F1580F26E1FC890F27BB66,1D5222E36AFE26
8D8013F199101013505490F4D65D,1D52368EEC6832
8D8013F1EA0BD800013C08D08D0C,1D52595A733C28
8D8013F199101013304C90ABE626,1D525BBCACF329
8D8013F1580F3322AD06DD67C191,1D525F50340224
8D8013F1E1100200000000BE17CB,1D5264AD898E23
8D8013F1580F36E2268911A3168F,1D527A22C5702E
8D8013F199101013305090036426,1D527B54018433
8D8013F1580F4322C906DEF3BA5C,1D529829BFD13F
8D8013F19910101330508FFC24B6,1D5298C20DAF22
8D8013F1EA0BD800013C08D08D0C,1D52A5DF63A728
8D8013F1580F46E2408913D331C9,1D52B42D5E4431
8D8013F1991010133054903B5226,1D52B4C5CC3D2C
8D8013F1F82300020049BC05CD5E,1D52BA231F4831
8D8013F1580F4322E506DF10C170,1D52D49636022A
8D8013F199100F1330508FDDEA4C,1D52D52F18DD24
8D8013F199100F1330488F4D5E4C,1D52EED0469C26
8D8013F1580F5322F306E02F5126,1D52F1CB20F428
8D8013F1EA0BD800013C08D08D0C,1D52F68FE4A329
8D8013F199100F1350488F82DA37,1D53119BA2A633
8D8013F1580F56E26E8915E49EA3,1D5315C7A4DE35
8D8013F1580F56E27A89150E8BB7,1D532E37E32231
8D8013F199100F1350488F82DA37,1D5332FCF53036
8D8013F12218C1F2C728208942AA,1D5345B0061036
8D8013F1EA0BD800013C08D08D0C,1D534C3EDC4A3A
8D8013F1580F63232306E2E8FDA1,1D53549756A534
8D8013F199100F1350448FCA8037,1D535660878A34
8D8013F1F82300020049BC05CD5E,1D535C567CCD36
8D8013F1580F66E29C8917561BDC,1D53742E24E028
8D8013F199101013503C8F3936D6,1D539792118E37
8D8013F1EA0BD800013C08D08D0C,1D539D87FA202F
8D8013F1E1100200000000BE17CB,1D53AED1314A32
8D8013F1580F76E2BA8918F092DB,1D53B395D24E2D
8D8013F1991010135040902C385D,1D53B98BBFB231
8D8013F19910101370408F9604E4,1D53D8C3A81632
8D8013F1580F73236306E5AD7937,1D53DA8D4E7935
8D8013F1EA0BD800013C08D08D0C,1D53EB3DE00F31
8D8013F19910101370388F447CFF,1D53F1CCA1C72C
8D8013F1F82300020049BC05CD5E,1D54021E12D032
8D8013F19910101370388F447CFF,1D541792B23331
8D8013F1580F86E2EC891B9DEAA4,1D541CF0012836
8D8013F199101013704090694474,1D543729EF832F
8D8013F1580F83239506E86F2D8D,1D5442B6BD6431
8D8013F199101013703C8F7C4AFF,1D545CF054E529
8D8013F1580F8323A506E8F715B4,1D546083D4642F
8D8013F199101013703C90830A6F,1D5478F476FF31
8D8013F1580F9323B506E9E5094D,1D5482B6BA762B
8D8013F12218C1F2C728208942AA,1D5483E7D4AA30
8D8013F1EA0BD800013C08D08D0C,1D548F3B623F2B
8D8013F19910101370448FAE32E4,1D549CF0A0E330
8D8013F1580F96E32C891E198BD7,1D54A37F2A2525
8D8013F1F82300020049BC05CD5E,1D54A4B080D526
8D8013F19910101370448FAE32E4,1D54BB56C9AC2D
8D8013F1580F9323D506EB2A912D,1D54C054F4982F
8D8013F19910101390408FB38432,1D54DA8E9EE633
8D8013F1580FA6E348891F4F5F81,1D54DBBFC8E833
8D8013F1EA0BD800013C08D08D0C,1D54DE22827D32
8D8013F1E1100200000000BE17CB,1D54EB3F58194B
8D8013F19910101390488FC3E832,1D54F72B001932
8D8013F1580FA6E35889206C9AB1,1D54F8F52D6E30
8D8013F1580FA6E3688920F4A288,1D551D89D8C339
8D8013F1EA0BD800013C08D08D0C,1D552E3A7F0A1D
8D8013F1580FB6E3768921A4E5FF,1D553A26315B42
8D8013F199101013904C90049EA2,1D5545B2B4C539
8D8013F1F82300020049BC05CD5E,1D5549468FA233
8D8013F1580FB3242306EEB3CB2B,1D5560852DF82D
8D8013F199100F1390488FE226C8,1D55624EE42A39
8D8013F1580FB6E39689227E8D3B,1D5578F5B9E02F
8D8013F1EA0BD800013C08D08D0C,1D557A26A56234
8D8013F1580FC6E3A28923BD56AF,1D5597948A8D33
8D8013F199100F13904C8FDA10C8,1D559BC0B9E02D
8D8013F1580FC3244B06F0811F61,1D55B13673AC3E
8D8013F199100F1390508F7292C8,1D55B4C9F4B138
8D8013F1EA1D9800013C08813793,1D55CC4202DF38
8D8013F1580FC3245B06F1A3AF78,1D55D237E9F93C
8D8013F1F82300020049BC05CD5E,1D55E8DE0AF53B
8D8013F199100F1390448FAA7CC8,1D55EAA7E6CF3D
8D8013F1580FD3246B06F2F4D3B3,1D55F09DD2CC38
8D8013F199100F1390508F7292C8,1D560B10EDEB38
8D8013F1580FD6E3E08926E366A0,1D5615332FCD39
8D8013F1E1100200000000BE17CB,1D56267C094636
8D8013F199100F1370508F57121E,1D562714F2B936
8D8013F1580FE6E3EE8926F0C80E,1D563300B3AF3B
8D8013F199100F13704C8FFF901E,1D56451B23223C
8D8013F1580FE6E3FE8927D27817,1D5655CBCD2346
8D8013F199100E1370488FC4ACD0,1D565E2462D643
8D8013F1EA23A800013C08B15DC1,1D566AA8860D3D
8D8013F1580FE324A906F4DE56C3,1D5671CF8CD93D
8D8013F199100E13704C8FFC9AD0,1D5677C5772026
8D8013F1F82300020049BC05CD5E,1D56851B98DF47
8D8013F199900E1370508E3A2BA6,1D569402530048
8D8013F1580FF324BD06F5FB1B3E,1D56982EC83542
8D8013F1580FF324CB06F63ACAC1,1D56B6948EAB49
8D8013F199900E1370508FC5DFAF,1D56B72D36814F
8D8013F1EA243800013C08308C4D,1D56B8F7556F48
8D8013F158110324DB06F6CBB2D3,1D56D8C75ED54E
8D8013F199900E13704C8F6D5DAF,1D56DE25061B44
8D8013F1581106E44E892A909A8B,1D56F98FF4C94F
8D8013F199900E1370508FC5DFAF,1D57051C31274D
8D8013F12218C1F2C728208942AA,1D5709E0E4E94A
8D8013F1EA217800013C082C6985,1D570E0D0AC648
8D8013F199900E13704C8E92A9A6,1D571FEEC27647
8D8013F158110324FD06F8A2633D,1D57208769134A
8D8013F1F82300020049BC05CD5E,1D572382502D4A
8D8013F199900E1370488F556BAF,1D5742BA335147
8D8013F1EA214800013C087D9CA5,1D5759F92C4B5C
8D8013F1E1100200000000BE17CB,1D576087E36447
8D8013F199900E1370588FB5B3AF,1D5762E9F8AA4C
8D8013F1581113252106F9A28D64,1D5764B3CEA94A
8D8013F1581123252D06FA55635A,1D5780F0A8C33C
8D8013F1581123253D06FA88274A,1D579F56CDB545
8D8013F199900E1370488F556BAF,1D57A4B41BA03E
8D8013F1EA214800013C087D9CA5,1D57A716D43A42
8D8013F1581123254906FB52422C,1D57B72E76444A
8D8013F1F82300020049BC05CD5E,1D57BB5A8E3646
8D8013F199900E13704C8F6D5DAF,1D57C77FA9C64E
8D8013F1581133255B06FC5BD27A,1D57DEBE7ECD4E
8D8013F199900E1370508FC5DFAF,1D57E71748034D
8D8013F1EA214800013C087D9CA5,1D57F39B2D3746
8D8013F1581136E4CC892FCF0FBB,1D5805B601414E
8D8013F199900E13704C8F6D5DAF,1D580A7AB50244
8D8013F1581143257D06FD5EE57C,1D5824B4C78F54
8D8013F199900E1370488EAA9FA6,1D582D0D5CB557
8D8013F1581146E4EA893135782D,1D5845B64A6F54
8D8013F1EA214800013C087D9CA5,1D58464F3E8061
8D8013F12218C1F2C728208942AA,1D584A7B1D034F
8D8013F199900E1370488F556BAF,1D584CDD678249
8D8013F1F82300020049BC05CD5E,1D5862EB38DB4E
8D8013F199900E1370488EAA9FA6,1D586F6FAAAF4E
8D8013F1581156E50A8932F4415A,1D5883ECDC044D
8D8013F199900E1370448F1D31AF,1D588E0F0FCD5A
8D8013F1EA214800013C087D9CA5,1D5895367B7D55
8D8013F1E1100200000000BE17CB,1D589F58175B57
8D8013F158115325B906FF39F87C,1D58A08973F757
8D8013F199900E1370448EE2C5A6,1D58AAAB458B51
8D8013F1581156E52889335561F8,1D58C51E868156
8D8013F199900E1370448F1D31AF,1D58C8197C8058
8D8013F1EA214800013C087D9CA5,1D58E54E7FEA63
8D8013F1581166E53A89343DA86E,1D58E71857215F
8D8013F199900E1390408EFF7370,1D58EA134E9755
8D8013F199900E13903C8FEAC962,1D5909E357ED54
8D8013F1581166E54A8935D09C0C,1D590A7C012960
8D8013F1581166E5568935542B10,1D5922EC33C55D
8D8013F199900E1390388E2D0B6B,1D5925E7598E5F
8D8013F1EA214800013C087D9CA5,1D59343557295B
8D8013F1581163260B0703767FAD,1D5946E8BD3D59
8D8013F199900E1390388E2D0B6B,1D594781B04559
8D8013F1581173261D070448BEFF,1D596A13F0C262
8D8013F199900E1390388E2D0B6B,1D596AAC36E058
8D8013F199900E1390388E2D0B6B,1D5988B3225C59
8D8013F12218C1F2C728208942AA,1D598C46B90C52
8D8013F1581176E58C89385389C6,1D598F41FBF24E
8D8013F199900E13B0348E202D42,1D59A41E606357
8D8013F1F82300020049BC05CD5E,1D59AA14478D66
8D8013F199900E13B0348E202D42,1D59CB15915B56
8D8013F1581186E5AA89392C2DC9,1D59D072CEEB61
8D8013F1EA214800013C087D9CA5,1D59D537E60A55
8D8013F1E1100200000000BE17CB,1D59E1BC09BE55
8D8013F199900E13B0348E202D42,1D59E680B44859
8D8013F1581183265D07062B8F1F,1D59EBDE14C153
8D8013F199900E13B0348E202D42,1D5A05B8934650
8D8013F1581186E5C6893A45B2AC,1D5A094C6BB254
8D8013F199900E13B0388E687742,1D5A1FF28E244E
8D8013F15811832679070859F673,1D5A24B7567852
8D8013F199900E13B0388E687742,1D5A40F418384A
8D8013F158119326870708D3C5DB,1D5A42BDE7514C
8D8013F1F82300020049BC05CD5E,1D5A4B16329D66
8D8013F199900E13D0348EEFA939,1D5A5F5A478A54
8D8013F1581196E5F2893CDA535C,1D5A638655B85D
8D8013F1EA214800013C087D9CA5,1D5A74CF806E55
8D8013F199900E13D03C8E9FC539,1D5A8520B2895B
8D8013F158119326A9070AD4FE67,1D5A8782F01860
8D8013F15811A326B5070A01BC5B,1D5AA08BB76F55
8D8013F199900E13D0408E758B22,1D5AA681A3E85A
8D8013F15811A326C5070BEC8839,1D5AC0F4B7F34A
8D8013F199900E13D0408E758B22,1D5AC6EABE3D57
8D8013F1EA214800013C087D9CA5,1D5AC81BECE352
8D8013F12218C1F2C728208942AA,1D5AC94D5C4B58
8D8013F15811A6E62E893E13F671,1D5ADCF873FF5C
8D8013F199900D13D0408E709470,1D5AE2EE6ABA59
8D8013F1F82300020049BC05CD5E,1D5AE4B8305D5D
8D8013F15811A326E3070C7ADDB2,1D5AF699FF3F5B
8D8013F199900D13D0448E48A270,1D5B00F506515C
8D8013F1EA214800013C087D9CA5,1D5B18346FC756
8D8013F15811B326F3070C973542,1D5B19653AE156
8D8013F199900D13D0408E709470,1D5B21BD96F65E
8D8013F15811B6E65C894028C431,1D5B3AC657A548
8D8013F199900D13D0408E709470,1D5B43F065D754
8D8013F15811C32715070E26EBFA,1D5B5E2AA57F5D
8D8013F1EA214800013C087D9CA5,1D5B697D839A56
8D8013F199900D13D0488E00F870,1D5B818E4FC653
8D8013F15811C32725070EBED3C3,1D5B8226FFAA57
8D8013F1F82300020049BC05CD5E,1D5B894E4BDB56
8D8013F15811C32735070F9C63DA,1D5B9F5BD81C5C
8D8013F199900D13D0488E00F870,1D5BA125F08353
8D8013F1EA214800013C087D9CA5,1D5BB995E3D45E
8D8013F199900D13D0488E00F870,1D5BC4899EB15C
8D8013F15811D6E69E89430F921E,1D5BC5BAC9BD53
8D8013F15811D3275507109C0BD1,1D5BE08D5D0060
8D8013F199900D13D0488E00F870,1D5BE42134245C
8D8013F199900D13D04C8E38CE70,1D5C0489FA7D5E
8D8013F1EA214800013C087D9CA5,1D5C0D7AB5B671
8D8013F12218C1F2C728208942AA,1D5C123FC3FC59
8D8013F15811E327750712889EC3,1D5C1F5C76DD66
8D8013F199100E13D04C8EAC165D,1D5C23888BA362
8D8013F1F82300020049BC05CD5E,1D5C25EAFBBB61
8D8013F15811E6E6DC8945CF13C3,1D5C43597B715C
8D8013F199100E13D0488E94205D,1D5C45BB69E552
8D8013F1EA214800013C087D9CA5,1D5C5966DE6F5B
8D8013F199100E13B0488E5BA426,1D5C67B5093462
8D8013F1E1100200000000BE17CB,1D5C713E7FFA78
8D8013F15811F6E6FC8946452B18,1D5C8523161C61
8D8013F199100E13B0448E13FE26,1D5C89E7D0C359
8D8013F15811F327B70714C34273,1D5CA4BA648362
8D8013F199100E13D0488E94205D,1D5CA5530D1458
8D8013F1EA214800013C087D9CA5,1D5CA84DE9AE61
8D8013F199100E13D0488E94205D,1D5CC9E828685C
8D8013F1F82300020049BC05CD5E,1D5CCA80C09E5C
8D8013F1581306E72A894803AEE7,1D5CE25856125E
8D8013F199100E13D0448EDC7A5D,1D5CEC7AA5B067
8D8013F1EA214800013C087D9CA5,1D5CF43A116D59
8D8013F1581306E73A8949211EFE,1D5D035A70DD63
8D8013F199100E13D0448EDC7A5D,1D5D08B768D853
8D8013F158131327F707177A9357,1D5D2684F92E54
8D8013F199100E13D0448EDC7A5D,1D5D284E935B59
8D8013F199100E13D0448EDC7A5D,1D5D45BD49835F
8D8013F1EA214800013C087D9CA5,1D5D49E8CD8259
8D8013F1581313280B071857E8FD,1D5D4D7C507B54
8D8013F12218C1F2C728208942AA,1D5D540ADA795D
8D8013F199100E13D0408D1BA44F,1D5D5F5E04FF5C
8D8013F1581313281B07188AACED,1D5D6A18F12758
8D8013F1F82300020049BC05CD5E,1D5D6C7B60175E
8D8013F1EA214800013C087D9CA5,1D5D9B32B1A555
8D8013F1581326E788894CD61F17,1D5DA38A70BE56
8D8013F199100E13D0448D23924F,1D5DA71E53A959
8D8013F1E1100200000000BE17CB,1D5DAE451C054F
8D8013F199100E13D0408EE44C5D,1D5DC3F38D2762
8D8013F15813232851071BDB4307,1D5DDA9A263155
8D8013F199100E13D0448D23924F,1D5DE1C0FDEE5C
8D8013F1EA214800013C087D9CA5,1D5DEAB1DC3056
8D8013F1581333285D071BB21CEB,1D5DF2718EC966
8D8013F199100E13D0448EDC7A5D,1D5E00608F2D59
8D8013F1F82300020049BC05CD5E,1D5E0FDFA43C54
8D8013F1581333286D071CD5F4F6,1D5E12DA85F75E
8D8013F199100E13D0448D23924F,1D5E2129671C5C
8D8013F1581336E7CE894FBF5A31,1D5E2EDE50F84D
8D8013F1EA214800013C087D9CA5,1D5E3900B5465A
8D8013F199100E13D0448EDC7A5D,1D5E46EF11A95E
8D8013F15813432889071DAB978D,1D5E4CE4EDC760
8D8013F199100E13D0448D23924F,1D5E625A45025E
8D8013F15813432897071D348813,1D5E65EDC8E559
8D8013F199100E13D0448EDC7A5D,1D5E895237855D
8D8013F1EA214800013C087D9CA5,1D5E89EA72B662
8D8013F12218C1F2C728208942AA,1D5E94A4FE3063
8D8013F1581346E8028951664BD3,1D5E9BCC44C55C
8D8013F199100E13D0448D23924F,1D5EAB4B5EC662
8D8013F199100E13D0448EDC7A5D,1D5ECB1BDA5E63
8D8013F1EA214800013C087D9CA5,1D5EDA0289055D
8D8013F158135328D507206BE918,1D5EE5EE711B5E
8D8013F199100E13D0488D6BC84F,1D5EE8E953D068
8D8013F1E1100200000000BE17CB,1D5EEBE45DD362
8D8013F199100E13D0488E94205D,1D5F0526524B64
8D8013F158136328E90721042304,1D5F0CE5E2F565
8D8013F199100E13D0448D23924F,1D5F242540F25C
8D8013F1581366E8488954072CF4,1D5F27B87FFC65
8D8013F1EA214800013C087D9CA5,1D5F28511F4660
8D8013F199100E13D0488E94205D,1D5F46F04CBA5F
8D8013F1581366E8588955259CED,1D5F4A83D57F64
8D8013F1F82300020049BC05CD5E,1D5F4C4DF5F45C
8D8013F199100E13D0488D6BC84F,1D5F5F608A045F
8D8013F158137329190723E7AA6A,1D5F6AB3BB2164
8D8013F1EA214800013C087D9CA5,1D5F786961785A
8D8013F199100E13D0488E94205D,1D5F8658AA6D5B
8D8013F1581373292907237F9253,1D5F8CE6890959
8D8013F199100E13D0488D6BC84F,1D5FA0920EF874
8D8013F158138329390724B4D3CE,1D5FAC7DD92566
8D8013F199100E13D04C8D53FE4F,1D5FC22C31DD63
8D8013F1EA214800013C087D9CA5,1D5FCD7FD5AA62
8D8013F1581386E89A895787ADC2,1D5FCF49855460
8D8013F12218C1F2C728208942AA,1D5FDA9C76B960
8D8013F199100E13D04C8D53FE4F,1D5FE4BE6E2465
8D8013F1581386E8A88958FB9D31,1D5FEEE078AA58
8D8013F1F82300020049BC05CD5E,1D5FEF7920ED62
8D8013F199100E13D04C8D53FE4F,1D60022C832962
8D8013F1581393296B0726C877F5,1D601244C35762
8D8013F1EA214800013C087D9CA5,1D601CFF195A5E
8D8013F199100E13D04C8D53FE4F,1D601D97AC216B
8D8013F1E1100200000000BE17CB,1D6024BED99066
8D8013F1581396E8CA8959E0E921,1D6034D6BB4368
8D8013F199100E13D0508DFB7C4F,1D6042C581D95A
8D8013F15813A3298B072743F60A,1D6054A77A3D66
8D8013F199100E13B0508D34F834,1D60638DE2D35E
8D8013F1EA214800013C087D9CA5,1D6068EB39C65D
8D8013F15813A3299F0728564356,1D6077396C5B5C
8D8013F1F82300020049BC05CD5E,1D6094A7DB395B
8D8013F15813B6E8FA895B1994C3,1D6095D8A7F862
8D8013F199100E13B0508D34F834,1D609BCE95AA58
8D8013F15813B329BB0729EB3692,1D60B274FF3857
8D8013F1EA214800013C087D9CA5,1D60B86B25FB61
8D8013F199100E13B0508D34F834,1D60C35F23125F
8D8013F15813B6E916895CB1CA6E,1D60CFE3317A62
8D8013F199100E13B0508D34F834,1D60E689B74A5D
8D8013F15813C329DB072BB7E852,1D60F1DCBF2563
8D8013F199100E13B0548D0CCE34,1D6109ED9E1D5B
8D8013F1EA214800013C087D9CA5,1D610E19BD6261
8D8013F15813C6E936895E67ECFC,1D6111AD33996B
8D8013F12218C1F2C728208942AA,1D612427C79D68
8D8013F15813C6E944895E6E8415,1D612DB120C85B
8D8013F1F82300020049BC05CD5E,1D6134D8033466
8D8013F199100E13B0548D0CCE34,1D614E19F3D364
8D8013F15813D32A07072CE0D880,1D614EB2ADF861
8D8013F1EA214810013C08C2558E,1D615E3236FF5B
8D8013F1E1100200000000BE17CB,1D616BE7761063
8D8013F199100E13B0548D0CCE34,1D616EE2624A65
8D8013F15813E6E97489609690C5,1D618F4BE22F5F
8D8013F199100E13B0508CCB0C3D,1D6192DEEE8159
8D8013F15813E32A37072E290982,1D61AAB6925D4E
8D8013F1EA214848013C0822BA83,1D61AE4A1F9760
8D8013F199100E13B0508D34F834,1D61B571519A60
8D8013F15813E6E9928961601D9C,1D61D1AE19B35B
8D8013F1F82300020049BC05CD5E,1D61D5DA51A15B
8D8013F199100E13B0548CF33A3D,1D61D96DC23A54
8D8013F15813F6E9A28962376157,1D61ED1998E95B
8D8013F199100E13B0508D34F834,1D61F86C8FEC53
8D8013F1EA214858013C089D73A8,1D6200FDC95C62
8D8013F15813F32A6707304EADB9,1D620C51613263
8D8013F199100E13B04C8C638E3D,1D6215429A176A
8D8013F15815032A7307318C517A,1D62268B3A2162
8D8013F199100E13B04C8D9C7A34,1D62330FCEA169
8D8013F1EA214858013C089D73A8,1D624EB3D9F561
8D8013F199900E13B04C8CF24942,1D6255DAE5B356
8D8013F15815032A9307325639BE,1D6265F2C29363
8D8013F12218C1F2C728208942AA,1D626986522E5D
8D8013F1F82300020049BC05CD5E,1D62714615A05C
8D8013F199900E13B04C8D0DBD4B,1D62786D2ECC6B
8D8013F1581516E9EC8965E7A391,1D628BB91FA864
8D8013F199900D13D0488C00E46B,1D6297A4ED125A
8D8013F1EA214858013C089D73A8,1D629B38CB0C58
8D8013F1581516EA008966183FAC,1D62ADB32C8661
8D8013F199900D13D0488DFF1062,1D62B572765362
8D8013F15815132AC507341DF4B7,1D62CE1C33925C
8D8013F199900D13D0488C00E46B,1D62D7A53AB556
8D8013F1EA214858013C089D73A8,1D62E8EE7AA958
8D8013F199900D13D0488DFF1062,1D62FAD033154E
8D8013F15815232AE10735C1D8B3,1D63082630E15D
8D8013F1F82300020049BC05CD5E,1D630EB4D45358
8D8013F199900D13D0488C00E46B,1D631D9B722259
8D8013F1581526EA3C89688855F8,1D6328EEA66C5A
8D8013F1EA214858013C089D73A8,1D6335731D2254
8D8013F199900D13D0448DB74A62,1D63452BB0AF5D
8D8013F1581536EA4A89697934FC,1D634B2190765D
8D8013F199900D13D0448C48BE6B,1D635F6581515C
8D8013F1581536EA5A8969A470EC,1D636987958C5C
8D8013F199900D13D0448DB74A62,1D6385C467A767
8D8013F15815332B21073845C9AC,1D6388BF69105D
8D8013F1EA214858013C089D73A8,1D6389F0A05160
8D8013F199900D13D0448C48BE6B,1D63A7BE27215D
8D8013F1581546EA7A896A8DA277,1D63A856BA6562
8D8013F1F82300020049BC05CD5E,1D63AA20D7EC67
8D8013F12218C1F2C728208942AA,1D63ADB417FF5C
8D8013F1581546EA8A896B8A92B8,1D63CBBAC4305A
8D8013F199900D13F0448C0DC242,1D63CF4F84BA5E
8D8013F1EA214858013C089D73A8,1D63D9704DF64A
8D8013F15815532B55073AC3AE98,1D63EB52008757
8D8013F1E1100200000000BE17CB,1D63EF7E23B45B
8D8013F1581556EAAA896C009255,1D640BBB21355F
8D8013F199900D13F0448C0DC242,1D64107FBDD55F
8D8013F1EA214858013C089D73A8,1D6425F4FCD45B
8D8013F15815532B75073B7926B8,1D642ABA1B8451
8D8013F199900D13F0448C0DC242,1D642DB4B09653
8D8013F1F82300020049BC05CD5E,1D644827CD2C5A
8D8013F15815632B85073BD0175E,1D644CEC72C45A
8D8013F199900D13F0488C459842,1D644FE77C895A
8D8013F1581566EADC896E6F4283,1D646EE62DAA53
8D8013F199900D13F0448C0DC242,1D64714882A951
8D8013F1EA214858013C089D73A8,1D6473AB0DEA59
8D8013F1581566EAEC896F088EB3,1D649118E9805F
8D8013F199900D13F0448C0DC242,1D6495458E1261
8D8013F15815732BB5073D78A7AA,1D64AC84216C5D
8D8013F199900D13F0448C0DC242,1D64B018011B5A
8D8013F1EA214858013C089D73A8,1D64C5C601A158
8D8013F1581576EB0C8970C91F46,1D64D11943D564
8D8013F199900D13F0488C459842,1D64D5DE6C1B61
8D8013F12218C1F2C728208942AA,1D64E2629CFE61
8D8013F1F82300020049BC05CD5E,1D64E8F0DDFD63
8D8013F1581576EB1E8971F007DD,1D64F3AB84CF5D
8D8013F199900D13F0448C0DC242,1D64F60E36E258
8D8013F1581586EB2A8971B6BB49,1D650FE874B467
8D8013F1EA214858013C089D73A8,1D65124B10CE66
